6666666 - 1166161. xv

‘MMQWMmmmmmoffimmimumnm.

‚, 76661666 11666166. primus auctora
11661666616116671.641,606,640,671.
, ’1666166666666166 6661616 666166
· , ‘form 641666 usquc 66 16666 proro-
gori 61611 11. 208.
, , , 66666166161666666166 66666-
66611 71. 432 s.
'„ 66 Terrae 166616 66666 71. 332.

, 'ronco motum 666666 66661, diurnum -,

6666611 1. 44. 111. 468. 711. 286.
, , orbem 666666 Copcmici 16116
61166 616111Π 486.
,66 Temo umbro 11 884. .
, ”theologos 661 1666166711. 286.
,66 Urso, Raymorol. 219 ιιι
:Ursum pro Judico 66666611, 232.
,7666666 affirmat illuminare 16666 11.
, , 6616166166 6661 siderei 16661-
tudinem 6616166666 71. 276.

, , conspicit propo 861661 1.192‚

644. 11. 292, 419. ·
, 66 Venerit 6666666 616666616616161.
, 66, ιι.
, , , 1161661661166.
, ,6161611266
, 666166 616161161666166 71 671.
,6676116616122611226
,7666666611 4466, 191. 11. 361.
111. 88. 71. 666. 711. 226.
,66 71666661 obss. 1 226.
, , 1716116ιί obss. vll. 269.
, 7111666666 6. 16991. 48, 264. 17. 70.
, 1766111 661666 1, 420.
crocei adversarii 11. 206, 624.
, 6666666666 menstruorum 66166166 71.
, aequatio 16666616 71. 369.
, 666616666116 711. 276.
, (1666616661 711. 171, 196, 270.
, apologia eontra 06616166 1. 279.
, 66611166 71. 172.
, 6616616616 qualis 71. 671.
’, auctoritas, 6666 711. 277.
, 66166166 6666611. 286. 1161166166 11.
602, 616 66. 348, 369 so. 378, 37966.
, 666666 711. 214, 226.
, cautiones 16 observando IL 266.
, 6611166661 6611611266.
, contradictiones 661166 771. 216 267, 266.
,61666666 (figora) 666666 duplicis vn.
194, 219, 270.
,616616666617679.111.661.
,, 6166 6616116 711. 286.
,6111666116 11.6,122.111.268.7.426.
71. 120, 671. 711, 216, 244, 277.
61’,661166 11. 266.
,61666661 modun (661161.) 711. 476 6.
7111. 296, 639.

7111. 61, 46. [626.
, , 16 1466116 6616616 616661 111.
61, 219. [626. ·
, 6611661116 66166166 qualis 11.469.17.
, 66161611 in 16666 1666116 71. 681.
, epistola 611 (1166166 Π. 809, 816.
, ,, , 1166661661. 282. “
, , , 116611616666661661600.
7111. 716. 11661.Χ 1609.
7111. 727. Apr. 1600.
7111. 728.
, ,1116666166 6.1600.7Π1.728.
, 1166166661 v. 11. ep.
,, , , 1166161166 1. 227.
, 6166601666 1. 44. 11. 867.
, Peccatum 1. 48, 192.
, 2616666666 1. 226, 278.
11. 266. 111. 463.
,7711661666 116661661666-

mm.mmm ’

hfflmfflfffflmm

„cpochoo motuum otc 71. 6416.

, errores imputati 711. 198, 1966, 201.

, 1661116 6661116ιί66 711. 164, 212.
,661161676116 711. 193.

,1116 2116666166 nupsit ’2666666116 11.
811. 7117. 739, 741.
, fixarum 66616666 l. 370, 5042 11. 128,
11. 128,766. 7496.
71. 668, 672. 711.
226. 7111 640. ·
, 6166666 11. 664.

,Η616666 6661661161. 60. 11. 663, 824.
,6666661646 6696. 11. 696, 811.

111.1166.63,444,679.711616.

,, , ’1616616666 11666166. editorum

66611 71. 6216.
, , 666616116666167661166 661-
1661 ιιι-6616666 71. 623, 644.
’1666166 1466. dedicant 166.
7666166666 71. 6626.

, hallucinatio 711. 201, 271.

, 6666166166 11. 369. 711. 218.

, 666661666161666661 cupido 71Π. 46.
,6666666166 16 Luna 71. 684.
,16666166ιὶ66 666661. 27, 4466, 64,

113, 178. 266 66 624. 11666, 293
33166, 677. 111. 40, 60, 11766,
460, 486. 7. 276. 71. 309, 3666.
448. 711. 180, 221, 27166. 7111.
61166.

· ,1666666106166 menstruorum 16 1666
66166166 71. 466.

, 1666616611. 620. 711. 260.

, 1666611666616 664166 11. 122.
,1666666461 190, 344, 369. 11. 2666,

642, 669, 666, 7666, 760. Ill
wmmm.mmm
606 606.

ci*

 

