1111111111 ·. 11111111.

1118111811111 81111111 11 1111111111 1.
, , 111111111811111111 1111111811 1111
111111, Krplero 111111 florenorum
8888 opud 1111111 1111111111 11111111
7111. 818. [181.
1118111181 1111181111 11111111 1111111 l. 88,
, 11111. 81111111 contro 1111111111
VIII. 887.
, 11811111 ox 11111111 8111111 111111111-
111111. 888.
1118111181 Imperatori Krplerur 1111111111-
nom 81 111111181111111111111111
111811 71. 8111.
, 111111111818111111111 8181111718881.
1111111111. l. 811.
,, 81 1111111111 11181 1111, 111. [888.
, , 1111111111111111111 1111111817,
,, 11111181111 poll 11111111 Parisiorum
111811 71. 111.
,, 81 1181111111811111. 818.
, ’111111 1111111 11111111. 818.
1111111111 1111181111 1. 888.

Forulos, 81 1111 1111111111 (111 111111111
,1111111111 8111111117. 111.
11111111,1181·111, 111111 astrologum 1. 1111,
88811. V. 811.

, , 111111111111111111 l. 18811.

,, , 8111111111111118111111. 888.

11111111 8811181111111 118117. 81.
8111111 1111111111 r. mugnus.
111831188111811118813ζ11
ceptor, Koplorl 118111 1.· 88, 18.
lv. 81. VIII. 888.
1111111111111181111. 88. 7111. 888.
1181111 111811 l. 188.
118111 1111111111. 81111811.
1111111 11118111 11181111111 17. 7811.
1111111 1111111111 11 1111111111. 7181 111-
, „mutuaturum 1. 871. [11111.
, ,1118 11111111 18 111111111111
1. 111, 811, 881. 7. 811, 11111111.
, 18 1111111111 1111111111111111111
1181.
‚ 1131111111. 818, 881.
, , 11 11111111 1111111111 71. 888.
,, , 111111118181111171.188.
, 1111111111 8181111117. 81.
,, 11111111 1. 881.
811111111111111111 Iomouotrrtio, 1111-
111181, 1111111 7.8811., 81,118.
,, 1111 11181811.
, 1111111111, 8111111111111111111, 111-
11171. 1181,
1811111111111111111111111 1111111111 111-
11111 11. 181, 818. 7.· 881. ι
111111 opum 7111. 181.
11111111, rhomo, 1111111111. 11 88181, 188,
1111111 geometria 1111181 ll. 187. [188.
mmor 111181111 1111111111 11. 881.

1111111111111, norom rou -‚ r. 11111111.

EHV

11111 1111111 uodo 8111111111 11. 1118111111
111111111111. 187. ll. 888. [1181111111.
1111111111111111111. 818. 17. 81, 78.
1111111111, 11111111 filiorum Sturomborgll
l. 818. 7111. 888.
, 81 morlo Koplorl 7111. 881.
1111111111 1111111 theologorum 1111111111.
71. 18. 7111, 887.
11111, u. 1111111.
1111181111 71. 8811. 7Π1. 888.
Flamma, qolrl Il. 118.
,, 11 qulbur 1111111111. 8781.
1111111 11 111811 11111 1111111111 11811,
rmmfflmmm
11111111, 18 quod 11111111 111 1111111111 nouo.
1111118111 11111111 8111111111 ll. 888.
, 11111111 1111111111111111881.7111811.
111111 plantarum 111111111111111111 11
111111111111111. 871. 711. 188.
111188 (dr Fluctibus), 81111117. 1711.
, 11111111 111111 11111811 1111111111
lerl ujus 1 Koploro 11111111 7. 881-
881,118-188,

1118811 11111111 v. 17, 18, 18811.
111111111,11111.(1111)8118111111111111111-
111118111111. v. (11181111.
1111111111 111111, 1111111111 II. 818, 111.
1111111 1111111111 morlo 181, rm, 188,

188. ll. 118. 111. 111. 411. V. 255.
71. 188, 888. 711. 178. 7111. 88,
18, 811, 118.
11111111111111 1111111111. 188.
188111181818311...
111111111811111 obstructurum 71. 118.
1111111 proprium 71. 8181.
1111111111, 1 111, (111111111111111. 111111 pro·
11111111 l 18, 188. 71. 88.
11111 [11111111 1 118111111111 18 rubrum
1111711. 188.
11111111 111111. 871, 788. 7. 811. 71. 178.
111111111111 81 818111 11111111 l. 81811.
, 81 Hlpporoho 11111 111111 1. 888. ι
,, , ploratorum 1111 1818. 11. 81.
111. 881. 71. 888, 888.

’ 1111111111 11111111111111. 888. 71. 88.

1111111 81111111111111111 11111111 11111111) ·
11111111, 1111111 (1111111181 I. 888, 888,
111111
mommo, 811111111 11111 (11111111. 11. 188,
,, 8181111 11. 7188. [189.
1111111 (1111111811 7. 88.
1111811111 11. Rom. Imp. genem oompmtu
. 81118111 111111 11, 818.
11181111111111111 Rex oum 11 111111 111811-
phluorom 1111111811 71. 811.
, 11111111 818111111. 118, 888. ll. 888.
11 81811. 1111111 1111111111. 1. 118.

 

