XI. 8111111811

8111111811 811111 81111111 111111 IV. 818.

, 81 1111111111 1. 87.

,, , 0111111118111118111187. 71. 880.Ι

, , 8111111 18111111. 81 8. 01111 VIII.
‚, „ 811111181111811111.8881 [888.
, ,, ,, 881 VIII. 8871, 8881.
,, , , 811111111111111. VIII. 888.
, , , hypothesibus 1. 87.
,[ 8118181101888811181881118111111 111111·
8111 1881111 11111 I. 881.
, 8181111111 1111111111, Promo 18·
811181 181.
, , 811111 1111111. 81.
unt-meam 1111111 111111. (111111. VIII. 788.
8181118111, sm 81111 8111111111 11. 888..
811111111111, 8., 8111111181, 1111118181111
1111 11. 787, 8881.
, 111111111 1. 111111. 11.
8111111111 1118111111 11118111 711.Ι 181.

. 8111111 1811. 11111111 187 7 11111111 VII. 888

8111.. 888, 8881.
81111111811 8111111111 111111181111111111111
81111 (1. 888). 7111. 701.
11111111111, 1111111. 711811. 1111111, 1111111
18111111 (1118111111 ’1111111111 VIII.
8111111 1111111 11.888.711.1.[8181.
8111111111. 88, 101, 811, 881, 871.
8111811818811,8111111111.888,118.
8111111,Ρὲ161011111, 1111 1111111111 88111111
8111111111 v, 71111111.
81111811, A. 1888181111111) VIII. 780.
1111118111, 81118111 1. 88.
, 181811 1111111. 8111111111111 111117. 8.
,, 181111 epist. 1111111111, 8.
81111811 1111111111 18 astronomo· 8111111111
8111111181 117. 818.
,1111 81111111 111. 17. 4. vn. 118, 117.
(7111. 818).
8111118111111111111 11 781.
8111111111. 87.
,, 8111111181111. 78. ,
, , 8118111111. 71.
n , 11111111 0111111 11. 71.
,, ,, 11111181111111 111181 17. 881.
,, , 1111111 ponderum IIII, 71. 7808.
„ , 1181111181. 11 11111111. 71.
,,1111111111111.71,71.
8111111 mulum 111111111111 11181111 1188.
111111, 81181111811111.1608.11188888.
111111111111111111111, v'. 1111111. [(888).
,, 111811111117. 817
museum 11111111 17111,
, 888110188.·.7178. VIII 888 888

· 3111181811111181. 111. 11. 880. man..

111 ιι, 111.

ι ᾞθὲξζῑ 11111· 1811111111 1. 111, 111.
0 18,

, 111111111111111111.118.7.81,88111.,
811. 71. 818, 818.
, 11 mundo I. 800. V. 188.

-818111111118

8111111111 11111111 1. 118, 87811, 800.
V. 81 11 11111.
, 111811111111 11811 7. 818.
, 11111111, quibu· 1111 8181111 118111
, 1181111111117.118. 71. 188.
, vox 1111111111 7.188,188.
flumem-rum 11111111111111 1111111111. 888,
,, 1111111. 111. 11 880. 71111.
, 111111 7. 81, 81811.
, 1111118711111.
, 1111111117. 888.
8111111111 8111111111 1811811111. 110.
II. 811.7.10,11811.

, 1111111111111177.111.,11111., ,

118, 81811. 878. 71. 818
, 11111111 11 1111111111118111 11. 818.
11111811,Ὴὲ ,1111 11111111 1818.
,8181111111111111111111181777- -.78
(111, V. 81, 87, 188).
,, 111111111181181117.8-71.
,1111111 1111111117. 80.
,111 1111111 11181117. 7, 881.
, 11111111111111111111111111111117.
, 1111181 {niceph 11 18111111 L 101,
18711, 87011.. 188. V. 871, 888,
887, 118. 71. 88. 7111. 888, 1018
, 1111111718111.1181111111188117 81.
, 1111111 811111111111111117. 7.
usnemu 181111 11111111 8181118811 1811.
,,111811111111111. 118. 7. 71.
,11111111 V. 87, 870.
,118111111111111111811117871
8111111111 1111111111 V. 188-118.
8111111111111. 718
8111111181181Ρ111111117.88.
8111111111, 1111111111 11111111. 788.
81111111, 71111. 17. 818, 888.
8111111111, 1., 1111. VIII. 811.
8111111111 18.Ρ11111111111111111111. 188.
,,11 tormentorum 81111111. 1111111117. 808
811811111, 11111. 11. 878. 7111. 788.
811111111181. v. 81111111.
,,.111111111111111 8181. 711. 818.
Huffludln (111111 1111 1111118111 11. 888.
811811117111. 788. ·
8111181811111111111111111 VIII. 778.
111111111111111111111111111
711. 808-887 (ex 1111. 111111.)
8181111111 1111111111. 11111. 8111111111 1818.
17. 118. VII. 81, 78, 88, 111.
,81811111101111 7111. 17. 171.
,, , , 8111111111 7. 811
‚ ,·, , typo 818111811111111 III·
11111 111111111181 71. 888.
81811111γο111ι1), 1111111111 1111818111 11111111

 

