Keplari epieteiae. - 1131116116 161163161661.

11631611 6311111116 14
7161661616, Ρ11316 6661. 1611.1. 66811.
, ,, 6.]61. 1611. 1. 3641. 11. 4711.

711666311611606.111604. 661661. 111. 6.
171616111661[1611. 61616. ,1711116 711. 717.
⁹ ,,[Ρ113111611 11. 776.
,11661161 1618. 11. 401.1. 661.
7. 46. 711. 466. ⁴
Waiieuateuinm, 613161 Febr. 1610. VI. 70.
, 613161 661. lano. [66616. 11366611.)

, ,, (dadin. 113111161116111) 1660.
77611611, 1. 1. 616. [1601.], dadin. Fun-
dam. 411161. 1. 410.
wolfgangum, 171111, 31111.17666613.(61616.
01166111) 1116611661. 1626. 711. 687.
66666161361616 (omnen perierunt).

61111616, 1111111111. 1661. 11. 111, aean
, 1161116661. 1661. 1v. 111 ι.

11131111 .

epitaphium 7111. 016.

61161 16 6616616 1111111 1114061. 711. 281.

excusatio de correctione 1661 6616116 613311-
1616 711. 176.

expurgatio ad Ι136666661 61 17116 Ι. 1101.

11611111 7111. 034- 044. 6661111711. 101, 472.

’1111 1. 161, 37. 60, 48 11., 6011, 10011,
nine, 6661. 114, 12, 70,100,400,
607. 111. 411, 64, 46, 210, 444.
17. 671. V. 40 1.,616, 661. 71. 307 11.,
610, 616, 664 a. 711. 46, 601, 6811.

61111 6161117111. 044.

6111 Susanna major 611. 1161611. a 1600.
1. 62. II. 816. 7111. 107, 7061.
ejusdem 3661111 1. 606. 11. 646.
7111. 107.

,‚ Susanna mlum, 611. a. 1602. 11. 401,
616. 111. 34. 7, 66. 7111. 746.
, „ dotanda 7. 66. 7111. 017. ·
,‚ „ iu 33611666061116. 716147111017,
046 a. [0171.
,, , 8111161116 663111 1. 1660. 7111013.
, , 166666. 663611 6661 11111616 iniit
VIII. 046.
, 11113116161,611. a. 1616.,616111. 1617.
7. 46. 71. 16. 7111. 660, 647.
’ , 0111111161, 611. 1. 1617., 6161111616.
7. 46. 71. 16. 7111. 647, 661.
, 0616611611. a. 1611. 7111. 678.
, Anna 111111, nai. 1660. 7111. 044.

LXV

Epistulae ad linaium
7161661611111661116. 16101. 666. 711. 466.
,, , 1661. 1610. 711. 466.
,, 7611116611116.-161.11111. 668, 664.’
71166636181161111663. 1606. 7111. 146.
, Hnruae 1661. 1604. [111. 6.) 7111. 760.

7761661166161, 1.1,.166. 6117161. 1610.
7111. 011.

77611116111116, Augustae Oet. 1611. 11. 776.
, Augustae 661. 1613. 11. 776. 7111. 814.
, , Febr. 1614. 17. 648.

Ζ31166116136161,0611161113.1161. 6111661608.
I. 606. 7111. 7061.
,, 6611661113. Mart-oea 1600. 1. 6016
imildae.
,, , 661, 11 16316001. 604. 7111711.
2163111161, 1163661111716. 160617. 111
11. 417. (III. 616.)
, ling. 4631160617. 111.
,, ,, Sept. 11061. 1607. 711. 01.
, ,116160071110 “
21661161, 766661143161111). 1610. 11. 461.

11631611
61161111611661, 611. 6161611. 1606. 1. 681.
11. 616. 7111. 600. “
, 1116111661, 611. 1604.,166111611.11. 80,
annalem. 0017. 671, 617.
7111. 768, 801.
, 66666661,611.11.1)16. 1607., meat
1666. 7111. 14, 776. 014.
, ,6661 11113111166 161616 016111611

(116111111171111166661161116111. ’

7111. 604, 006.
,, , 311111 631116111 6616111111 71. 61 a.
„ „ 1 plaltlre nigelia* 6666 1661311 a 1614.
·,, ,, Ι11611616 6611 1 31111 germaniae 161·
eum a. 1626. VI. 660. 7111. 8061.
, , 16 3361611. 66116166. mittitur 161616
31116 a. 1616. 7111. 000, 006, 046.
,, „academiam Tubing. 16111. 1616.
7111. 000. ’
, ,6116716 1113166171111111161661·
311617111. 001.
,, ,6661616166 1613661616 611161 71.
614 aa.
„ , ,8611161661Ιι patale edidit a. 1684.
1. 66. ,7111. 1611. [010.
..1116160611011610
71. 6171, 66111. 7111. annu„ 046.
11 616 16661161 16113166 1616666 66 atipeud
I'iaklatiann 7111, 010.

 

