1101000000 -

8101000000
00 0000001110001010010 i. 8040. Vi. 440.
1110110 principium 00010 000001001171. 717.
00 nummilatria 1. 57, 888.
,, 0000011000 1. 141, 871. 11. 048 . V. 884.
-0100 00 0011000111ίο monito 1. 848.
. 00 astronomorum uifloio Vii. 488.
0011000011εο 1000011011 0000001100 111. 800.
00 (1011000 11 881.
,0110011010 00010, nb 1000 0001101110 71.
,, ciimatibus Vi. 801. [0070.
„ uoninnotionibuo iL 040.
cygni 0000101101100001 0000101111. 704.
00 01001110 Η10001001 11. 78, 800, 847.
, distributione 0101101001 (001101.) 1. 440.
00000010110110 00110 0000110000 01100οᾱ001111
111. 880. [408.
00110010 0110001 00 0. 187 11000001. 17. 100,
00110000 quo 10110110 000οι100001 11. 70, 001.
111. 070. Vi. 00.
01110 0011001001 1000110 11. 70.
00 0011001001 001010 (001101.) 11. 480.
, ,, 01 0001001001. 080.
,0010οο900 ἱ01110000 111. 00. v1. 00,
88 ,0 1.
,0010101000 nidorum 0 00110 100110 11880.
,, fixurum 01010 71. 080.
,, harmoniarum gonoribno V. 808, 888.
harmonion unm 0000011000 10001111. 048.
00 1110001000 1. 800. 11. 858. 111. 018.
, Hipparchi 000. 01110110 11. 818.
, 0010100001 0101101001 0011001111. 708.
1001110000 0110111 000011οἰ1 71. 048.
00 1000000111010 011100 pinnatorum 111, 188,
, 00010 vi astrologico 1. 188. 841.
0111001000 iocorum quomodo 0001000000
ii. 880. [044.
101111οι11010 0100101100 101000 010011 11. 017,
innuo moiun 101000 proponit i. 848.
00 nonno 000001110110101.848. 117. 111. 048.
,, ,, 1000000111010 111. 810, 044.
,, , , 0101110110 01010111 11. 8740, 047.
,, ,, 01011000 010. 111. 070 00. Via 504,
087. 7111. 117.
,, lutis 01010 01 1000110 111. 80, 107, 801,
480 0., 48000, 080. 71. 81, 084 00.,
708 00.
, 0101001101. 108. 1101011100. 71. 450.
,, mnndi magnitudino 11. 070. 71. 880.
, 01110100 1. 878. V, 188 0., 171, 178, 80800.
nnm uhonrvotionoo 0000 1110001001 000100-
011011001000 00000000000111 11. 880.
0010110000 0110000 neglexit Vii. 48.
00 pincianum 0000110100 10010 71. 441.

,, ,, 1011100100 111. 40, 888, 488, 448.
, , motion· 111. 188188, 800, 488.
71. 887, 870, 5000.

,, , 1101010 711. 100. 01 0101001. 800.
poli 0101000100 quomodo continuorum.

Μ,

Ι1101

' 10000000

18110000οω0100 harmonion 00111011 7.108.
1000000000 nidorum nnm 11000111 11. 818 0.
oio 00101010010 71. 804, 781.

0010001010 0000101101100010 describit 11. 00800.
00 signorum 0001001 0011100110ῃο 11. 080.

Solum 0001700010 01810100110 001001. iungi Ι

0000108111. 11. 777.
00110 0000000111 0001110 01],81] 111. 801.
,, 000001110110100110001111 ili. 08, 801.
,, moin 1110010 utitur 001000000000010-
0010100 100100 111. 174.
00 0101101010 0110 01000000 1. 118.
1000100 0000 00000100001 unni 10111100 40010-
1100οο 71. 000. “
00 ’1001000000 11100100 ioco ΠΙ. 408.
,, 1010001010001001101. 188.
,, 1110000 igneo (001101.) 1. 440.
,, Venutio 1000 1. 800, 801.
,, ,, 01 010100111110101101110001. 110.
,, ,, nodio 71. 450.
,, votorum 0011000000 1. 800.
,, ,, 000010000100011. 811.
,, 010 100100 11. 878, 088, 704.
Ptolomaei
0000001100010) 10011011 11. 708. 111. 488.
00100 71. 88.
41100000οι111 (01000010 0000) 1. 00, 800.
11. 8110410, 784. 111. 0000.
71887, 000. 7111. 100, 117, 880.
4100000080011000 00111 0000100011. 700, 084.
unni iongitudo vi. 50.
0101010011. 818 0., 410.
astrologico 1. 884, 85000. Vi. 000, 718.
0001010010 0011000010101. 108. 1
utnon 0010001011ου0 17. 817, 017.
oontiioquinm ii. 041, 707, 810.
011001100101001001. 180. 7111. 117.
0000111101 (Α110101001),8100010000100000 00
010000 0000010100 1. 118 00., 178,
840. 11. 880 00., 878. 111. 147, 17000,
808, 807. 7. 884 00. 71. 880, 808 00.,
08100. 711. 480.
00100011 7. 404. 71. 400, 005, 581.
100101ωο0 1. 80. .
erroneo 11. 880, 880, 881. ΠΙ. 488. Vl. 00.
0000100010 111. 408. 71880, 548, 000.
geometricum 1000100107. 104.
11011000100001001100111100001 0100 V. 08.
o oGognvino 101100 00100 7. 8000, 00,088.
, ,, 0001010 00011001.180,187. 11. 010.
17. 180. 7. 888. 7111. 1018.
„ 1. ... 110
π ¹ 0
,, 0 17011010 001101. 187.
1101010010οω0 libor 111. 0 11001010 in 101.
munninio· 01 00110 1110000100
7. 800-418.
flamonio· 0001110101 00010100 0 Hm. 00-
01011 V. 0, 81. ·

 

