mmm-Mm- ’ 11111

111111118111111111111111111 1181 1111811111811111188111111111111111811. 1
11111811 818. 7111. 108. 8111111111 v. 111111πί8811. f

8111111111111111118111111111111111118, noer, 111. 7111. 788. ·
888. 17. 848,188. . Romu, J. 7., 1.. Β. 111111111111111111,

1 nu 11111 1111181111111111111 11111· 11111111 fautor 7111. 101, 717, 181, ’

11111111 I. 8801. 111, 818. 181111111111111111111 111111Ρ11.

, 11 1111111181 1111111. um 111111111111 I. 101. 7111. 1881

s. 1111 111111111111181111111111. 880. „ 11111111 &plorum 1111111181 atr.

‚ 81111 dimetrum 111111 1111111818 1. 814. 11. 180. 111. 881. 71Π. 118.

11817, 811. , tophum oum 71111111 1811111111
„ (11111111111171 887. 888. 7111. 877. 7111188. [718.
,,, ’111111 1111111111111111 punit 1800. Ηὼ1111ρ111111181111811111.-1800.7111
71. 114. 7111811. , 1111181111 1111111111 11. 888. 7111. 8801
8111111181 aequatio 81111 111. 188. 8181811111,811111,17111111111.,ι11111111111111
‚ 111111118171.1081., 181, 808. mutinum 111 munus 1111111118-
, 1111111111118111. 880 1. - 1111 71. 18.
⁴: 111111111111111111, 111ῒωωη {ssfflhf' 11111111τ Auum-01 mammo

n 111111111111811 1, 880. 11111111111111 11111. 11, 188, 808.

, 11811 11111118111111181111111. 888. 71. 117. vn. 140. 7111. 888.

,, open 111. 818. 11181111111111111111111111111111111111111

,, 11111811 71. 181. 11111111 7111. 111, 818

· ,, 1111118111 111 1111111811 71. 888. 8111111111, 111111, 111111 111111 1111111 11
1111111811 11111111 111. 111-111. [mou. 111111111111.
8111111111 editoris 111 nollunt 1. 811111.
n „ 111111181111111111818, Η11111111111111111117111. 188.
8111. 71. 8. 1111118111, geographus 71Π. 881.

, ,, 1811111111 1811018111 Η111111117111.11 . 11. 808. 7111. 808.
11111111111111111. , mnan 1111 mmmpn 11 mum

2 , lamenti mm 18· 111111111111 1. 801.

11111111. 811. , 1111111111 11111111 prm 111111111111

,, , qm 1111111111 11. 174. 7111. 108.

111881, 888, 818. 71. 8, 1111111111 1111111111ρί1 71. 188
38· vu· 618. 11 ῃ ”lipdbul 11· 811·

, ‚ qundo 111111111111- , 811117111111 18111111111. 71. 188.
8111111 111. 80, 1881, , 811111111111111111811 71. 808.
114,181,818,188.7.48. „ 1117111. 88, 88, 100, 108.

,, ,, 71.11,888,888. vll. 818. 1111111111, 11111 crudus, 11111111 111 11111·

, ,, 1181111111 111 1111111111· 118111111111111111111117. 18.
111 11 181. 11111111 mgna· 11111 conitus 111111 7. 18.

8111111111 1111171. 888. Hm, 11 111111, 11111111 utpote 111111111-
,, pm 11 m. 1111. 1111111111 Π. 188. 111 7111. 100.
111. 818. 711. 878. . 11111111 1111111111 11. 881, 188.
Η1111111111 81811811 annularibus 111. , 1111111111 11111 1. 188.
1. 808, 818. 71888. 7111888. , 111 11111111. 881, 788.
111111 1111111111 11888. - ,, mmmm 81111111 v. 11, 481.
111111111111, 111, pietat 11111118. (11880) ,, 1111 71111 11111111111.111.11.111.
1811111111111111111111111171111. 81111111 11111111111 1111111111111111111·
Η1111111111111111118111111111Μ111.. 888. 11111 111111111111 1. 88111, 807.
111111111111 11111111 111111111111. 818. 11. 811.
’11111111 111 1111111 71. 188. , 1111111111 coelestium 11111111 111111-
Hispanorum 8111181111 11. 181). 111111 1. 808. 11. 188.
1111111111 11111111111111111111111111 11111.- „ 1111111 1111111111 1111 uni 11111.
1111181111. 180. 1. 401, 801. ¹
11111111111111111111111111118111111111181. , eun 1111111111 11111181 1. 800 11.
1111111111 1111111111 1. 8111111 oport. 11. 118 11. 7. 88. 11 pasin.
Η1111111,Ι111111,1111ο111111111111111111111- ,, 1111111111111111111111111111111888.
111111 18111111 11111811 71. 181, Homine· 11111 1111111 1111111 11188, 800.
18. 17. 811. 7111. 801, 888. 111-1111111111111111111111111111111.
, 1111111111 1181811111 1111111111 71. 81. Hominum 1101111111 1181111, 11111111 1111111
7111. 801. [7111. 807. 11111111 1 888. [7. 818.

,. 111111 Abba 818ι1111111171. 8881. ,, 11111111 ΜΒΝ mdo 1. 878.

 

