VIII

4111151515 5515515551 3511111115 55515115
5551553555 31515551 511115111. 531.
, 5515115115555113315.
, 055111 passim, r. 5.
, , 35 45751117. 143, 403. V. 333.
, ,, , Animalibus 1. 34111438.

71130.
„ „ ,, 4531551555 7. 40, 144.

n „ ,0515551115 VIII. 151 55. “

,, ,, ,555111.115,115,115,1151.
358, inclinantis. Iii. 150.
77. 305, 313, 313. 711. 73155.
“ ,, 115555515111. 138, 337, 401. 111.
,, 11515551ιὶ51 1. 353, 433, 573. 717.
300. 17. 38. V. 337 55. 71305.
337. 771. 117. VIII. 147 aa,
, 3151551575511 i. 535. 11. 50, 310,
534. 387. VIII. 113.
,, 0555555755 IV. 513.
,, 15511551333313057171. 14755.
,, 35 8555111555 71. 135, 358, 331.

,, ,, ,, 7151555 71. 14351.

, principia rarum 1. 373.

, 5511115155 quatuor 1. 573. 77. 333.

, 15511515515551711133.
Aristotelicorum moros VII. 313.

411515151115 5155155 V. 180.
41115551151, 551555555111157. 31.

,, 53 astronomiam 551115555135. 71131.

,, 155151115 VII. 403 55.

4151311511. 313. 333. 111. 433. 71. 103.

,, 5531555155 Vi. 373.

4151151551 VII. 138.

41511151, Jo. (thoul.) VIII. 887. 300.
41555155 35 41115 17. 43,

4155131 51515111 ocari. Bogiomont. VI. 15.
Artemidorus 35 55515115 7. 333.

., 35 55155115 717, 77.

41151111551 551555, 1555551171. 334. 171453.

411555155141151), (15115513, nst. 35535115.
1570, ab anno 1535 collega 51 ab
1318 555155151 5555115 7115551513
ad Moenum VII. 14, 78.

411551115 35555, 355115 55155551151157. 31.
133135.

41155551, 41511555755 11783. 117. 433,507,338.
7183, 108, 333.

, 555313111155155 7575111515 71108,557.
45, 1115555155 55155111 denominatio V. 531.
45 5155555 portos quomodo adhibitas 15 Tab.

1153575ὴί515 71377 5.
45555515555, 5513 VI. 338 55.
45555115551115555 71. 543.

Ancharium VI. 534, 7111. 371. 874.
45151151 timidi 5155111155 711. 778.
45555155, 5513 1333, 371, 403, 438 515155.

· 77.503,533.7.334.71483711.135.

, 51355555 551155 i. 335, 385. 583. 11.

343. V. 343 55. 381. VI. 483 5.

,, harmonici 1. 141, 143, 303, 300117.

· 313. 7. 334 55.

Immdmm

45555151 15111151 naturam 5537551155 1.
173. 383, 438. 111. 313. 7. 351, 430.
711781. ·

,, 5551 15515 55151555 comparati 77. 430.

,, 15515 5551 51351555 1. 305.

,, modicorum 71. 430.

, 51515515 515511. 301. 71 333.

, nori 5 11557515 prioribus additi II. 343,
30855. 7. 345, 473.

, 511111171433430.

, 1115511115 77. 433, 430.

4555515551 cauato 51 formatio 1. 111 55.
378, 403, 530. 11. 343. V. 330.

,, comparatio intorno I. 141 5. 335. 71.
330. 7. 310.

·,, 55155. curn tig. gaumairicis 1. 1415.
333, 335, 438. 71. 330, 344. V. 13,
334 55.

, comp. 5551 musica 7. 141, 333, 333,
433, 301. 115305. 334, 341. 7.
333, 34515. 385 55.

,, computandorum 11115 71. 431.

,, 35511155 oum rana 1. 303 11. 11 503,
531. 7. 38, 31, 340 55. 71 183.

, 111715351. 835.

, numerus 7. 301, 333, 334, 303, 334,
433. 11. 583, 530, 343. 71. 430.

,, 55111111 1. 333, 353, 371. 11. 533.

,, variatas 55155155 1103, 453. 71. 303,1

,, 515 astrologica 1. 357, 377, 537, 7133.

71533 55. 34115.

V. 335. 77. 433.

15 5511115551. 303, 337.

7. 330 s. 333.

Argyrioss'um 511511511710813879191733 55.

Aa’i'oriffie'vygltoiffizrrsrmimcg.

451151515 1151555155. 1. 337. V. 53.

4555155155 71. 133.

4111515511 171, 333, 403, 531, 333. 11. 573.

, 351515115 contiug. rajioItsr I.·56‘2, 578.

,, imperfecta 1. 580.

,, 1111157515 15151511111333, 318, 401,
531,578. 17, 38, 503 115555. 7. 350 5.

,, 555111 Picum 351555511. 337 55.

,, ,, 1155511551 35115551. 54355.

, 1551511. 31. 17. 7355.

, 1115155117. 330.

, astronomica dIcItnr mator 55131117.
530. 71 357. 71. 333 5. 370.

,, 5551 1511555535 5155315151 5551551511
7. 533, 573, 308, 313.

,, 35 revolutionibus planetarum 71433.

, motum 15555555 55111 1. 583.

,, num 35155111 1115111555 75115 751151 17.

, quaestionario VII. 136.

,, 5551 S. Scripturas contraria 1. 573.

, , 55111155 155515515 35715111. 333,

&mmmmm

77 77 77

 

