16116666-01666666116.

86816666 166166 6666661116666116666 6666666
11666...116666,161166 11661666, uuo·
6 66 161616 66661611. 114, 460, 467, 48466.
6 1666666 66116666 multiplicationem
16666166 66661 11. 484, 668 6
6 6616166666 optinorum 666 711. 466.
6 7666116 6166666 661661111. 464. 71. 668.
, 666166 (16166661 116666 66 6666116 6611
71. 68. 711. 148.
06111661 6666666111 11. 467.
6 61661666 666 11. 471.
,1666611666 16 66616666116668 116611
666666616111. 471.
6616166666666616661.
,8616661666 6616111166 11- 11, 488.
6661616166 6111661666 6. 11661611 66161.
6 666 1761666611. 776, 686. 71. 67.
6 6 6 76116666116616661666166116-
6686666611.464,468,464,
466. 7111788.
6 6 6 1166166 0866116666 11. 671.
6 6 6 Ρ16666611.488. ·
6 666616666166 666816 11. 46166.
, 6 1161666611. 48816.
6 16661616 666 1164161 1611661616 66666·
661611. 484.
6 111666166666611161611111111.46866.·
6 6666666616 11. 488. [6706.
6 66661 6661666 661 Dialogus 61611.
, observatione· 6166666166 11. 448 66.
466, 486. 111. 608. 11. 68. 711. 868,
878, 686.
6 66666 66. 11166661. 11. 467, 786.
6 6661166116 711. 876.
6 71666166 81661666 11. 460 66., 48666.
,11 8666161666 (1661166166) 711. 16866.
670 66 7111. 68.
1161116666, 7166661166, 66 666166 11. 401.
7. 7, 167, 166, 188, 184, 668.
8611666611 716.
8611166666 66166166 6666166 666666 66161666-
166 17. 400.
(1611166 6166666.
1611666666 polium 1. 664. 664. 11. 741.
6 1616 66661660.7111.11.
16116611 66666 7111. 664.
0666666666 16666 711. 641.
86666166, 1666116, 16 4661161. 666.
1666666166 66116616 86116 6. 1680. 6666666-
116666 611111 1166166) 711. 686.

66666Ι

mmmmm 16416416 ·

6 66161616 66 66616666 61 8611616666
711. 6866. ·
06616666, 6661666, 66 6661666 111661 16 mg·
6616 11 818.
6 66 06666166 6111161616 Ι. 67, 188.
0666661616 17. 166.
86661666, Lucu, 6616616666 7111. 684. .
6 66 7166166666 1666616111. 610.
8666,711666., 16 6666 411166 17. 86, 166.
0666166, 66 circulorum 6661116666 6666616·
11666 71881.
116166, 46661, 666 66616 41666666 66166
11. 186, 408.
6 66 6161666611. 878.
16611661, Η666.1.6666.17. 486.
8616118146101111814μ. 66616161 6666 «-
17. 80466.
16661666, 6. 86616.
16166166 161166666111166661666 17. 866.
0611166 6. 8666661666.
11661666 66 ortu 6166666 71. 888. .
6 6666666661666666617.116,111. “

,, 6 61611666 61 1616666616166 711. 618. .

41666666, 06661166 11. 418. 66 6611661166
11. 666, 661, 616, 646, 664,
488. 111. 660.
6 6 6666666116 7118118848. ’
6 6 6 Ρ16166611166611. 881.
6 6 6 86116 6666161666 6611616611.
86, 888, 616. 71. 618.

6 6 6 6616116 16 666666 666616
6 6 n 81181886811888811878441898.
7111. 687.

. , , 66166611. 880.
onum, 0666. 1666666116 11. 860, 888,
(16666, 683166216116888616 11. 418 7111. 686.

6 111. 4616616666666666166 11. 418.

, 61161616ιῦ666 11. 166, 616. au, 666,

488. 111. 767. 7111. 8.

6 ,, 66666616 11. 818.

,, 1616661166666666111. 680, 671.

6 66 8313666666 6166161666 1647.
668666. {fpssbnffinussuffifflm 6616.

„ 6Ϊ81861881.’16.666.

6 1161666166 66661, 66 61616 6611166 6 6666166 6666666166611.680. ’

Tycham 6666616166 711. 646.
6 66 11661661 8666666666 6611111616
ἶ hnmffotfobffvffnffl' 68663 '11.[V4I2Lo.⁶⁸⁸
6 1166666166 16 8616 666661711686.
, plum· 66666 61666 vu. 666.
6 8616661 61666 6666114666616 1166661611
11661666 711. 681.
666 86116 61666166 711. 647. 86666
76116 711. 687.

., 6611166 6666661666 11. 644, 408.
8666666 1666616611. 146. 7. 867. 71488.
1666661666, 1111661666 711. 766, 768 6.
1166666116 66166616 6116616661 166666 416161

6666616666 71. 178.
6 ’166666 11. 700
6661661166 61 61661666 6666666166
1666611666 16666 7187. [1. 678.
166666611616111 11. 684.

 

