XXXVI Fririerione - 85115555.

15155555111511555.1>55.1.188.11855551. 8515555 58555 1151155 rir 15 5511515 prinu

11785. Kepierue ei 511551 5511551555

ΙΙ. 574.

5555 55555551555 1. 74 ee, 808. Geloni hymnus 1. 888. 11. 117.
operemini. [8485. 1151115555, 0511155111. 571.

, item ertiiioium 5555 55155511555 1.
, 5511555 elohyroieteruru deditur 11. 885.

’ 1151155151, wint. 05515 dormtum 1511551555

8551155 roceto 1111. 878.

,, 1115555 51 1155511555 1111. 888.
1111155, 155515515555155.11 8885. , 887.
151555 i. q. privatio 5515515 1. 815, 885.

, 15 5551155555151. 844.
“ ,, 5551155 5515 11. 878. 111. 880.

, 15 Peru 1. 888, 850.
1555511ο555ῗῗ15515δ565555155555 1551555555.

055555 15 horologio 45555155515551

,, 1551555515551. 815. [i. 188.
1515551151 5515555515 i. 815.

,, anomoeorum. 815.
1515155551551151551. 818. 11. 751. 111. 84.
in 1515155115 ierne 1585155155 1111180.
1515155, 5. Gemma.

1551555155, 1515555 5511551 5. 888. 11. 801.

1155155511 0155551555 11. 480.

Frontis 155515, 551 151 11. 888. [515555.

Frontiepioium 155. 8515151. 551. 11. 5555-
, „ 5551155155 11. 581.

s , 1551555155511551551. 108.

1555155555 1. 47.
Frueburgi 11555155155511515 Vi. 558.
imnum iu Terre diversius 1111. 87.
Frumenti 515. pretium 1551555551588. 1. 58.
15555155, 0551155555, 115515 551551 inventum
15555 optinum 11. 471, 474.
liutger, Phil. 111., vm. 784.
Fulmina, quiri 880, 888.
, 55151. 848.
15555155 15 5511551 Solio 1544. 11. 815.
runnu 5555551551511 488.
1551555515 1555155155, 5. 1515515515.
rarorum 5155555551511. 588 55.
155155, 5511555 1. 870.
, 5555155155 portem 5511515 55555555155
5555511. 888.

8555115155, 5555155155, 85511551555115155-
ditur 5511551515. 1. 54. VIII. 708,
,, 115555155815115. 1111447. [718.
n meritone stuttg. VIII. 588.
8555151, prino, v. Betbien (inber.
11515515, r. 515155155.
11515555 15115555551115151,Ι 808, 818.
, 15 55515 11. 887.
, 15 51 5555515551. 818.
, 5511515 1555151558155 555 51 leger
5511555 11. 084.

,, 15 51555555115 5515 11511. [877.
,, 5551155155 idoneus observationum 1Π.
,, 4511155555555 555 155151111. 871.

,, 555155 ,1551155Ιί 11. 58.

, , Β555555 111. 185, 870 55, 877.

,, , 05555155 111. 150 se„ 875.

, 15 5555115 11. 418. 11. 58. 111. 18,
14855.

,, Co 555155 51115155 1. 88, 40, 84
11. 508, 571.

, 555 555155 1155555151 hypothesin 15555-
155 111. 878 5.

,, 15 1155555151 hypothesin 555 5551155
15555115555 1587. 1. 40. 11. 571.
1111. 888.

, 15 fixurum 155155 15515511. 488.

,, 15511 55551155 5 1155115 11. 588.

,, geometra 111. 877.

,, 1151155511 555155 5111 librum 555115
11. Genesium vii. 150, 877.

,, 15155555 5555555151. 150. lieet, 588.

, , , 55155511488,570.

, ,ι , 5551155511. 488,588.

, ,, ,, 55115511510.11. 114.

5. 1511. ΙΙ. 455.
,, 15515 5515111155 551555 ‘tubo 555551511
roan. 1810. Π. 471.
,, ,, 115115555 115115115551. 110, 185.
[Ι. 451, 487.

, 15 15515 5515111155 distentio 5 Jove

„ 55511111118111

pp 5 5 e

, 511551555151555555115515155Π.48855.,

· 508 ee.

, 11551551 lurum 15 cometis 15 051155
555 intelligimine. 111. 874.

, 15515555 155151, qui 551555 5151 fidene
praebuerit 11. 457.

,, 15 1551551 15515555 1. 10.

, 11551551 opinionem 5151 Mercurii ludione
Solio reJioit 11. 787.

,, 15 5555115 551551555 11. 788, 785.

, 115115555555 511555. 11. 451, 457, 487.

,, 11551555 85555155 5151151. 11. 458.

,, 55555555 inventionibus 5515 5 urguo
nonnose 1555 555151111. 457.

,, 15555 51555 tribuit 1111. 118.

, 15 5551555 5511115 15 55515 VII. 818,

,, ,, Ρ5155515 philosophie 11457. [571.

, , 5155515555 commorationem,

,, 1151555155 hypothesin 5515151555 555·
5511555 551155 111. 878.

,, 85155555,1555551555“5555555111488.

,, Solle 5555155 55555551111. 888.

,, 15 5151155555 155155 ΙΙ. 488.

e e 5 11114155ξέ155 555 15555 rite

 

