mv

11001101- 10011100 00111110 1 000, m.
,10111100 m 1. 000.
1000111οο oon 01100 0010110107οη

, 100000 000110 01 01010110 71. 010.

,1110100011010001000 1101. 541..

, mrem 11. 000, 7000.

,0100000001070110 71, 010. moto.
,1110 0 0111011000 nu 0111001110 010.
, , 000110111010010110001101·
0111 00110111 001010 11. 001.
10001001τίοι 7100001011 1 000. 71. 000.
0000100, 0000100000 11. 101.
, 00 1001100010101011100000101010-
11001 11. 007, 070.
,, , , , lm 11000001 01110·-
0010111 11 007.
, , , , 111111 Eoum 01 710-
010οὶ110 111. 000.
, ‚ , ,101010οω0111οὼ-
bom! 71. 000.
„offssraffmmzfffflffl
110000ηο 00 01011 Pomm 11. 000.
‚Cleomedon 11. 710, 070 1010).
110100 0001100011οη Vl 000.

, 01000101100 71. 000.

, 1000010100 71. 007.

1101110111 denominatio, 01100 71. 000.
11010000 1. Lumo 100110.

11010000 11111100 eobo compono 7111. 070.
florian, 001011. 000. 71 117, 107 00.

, 0011111ηο noo-oo 11. 101 o.
110110οο110 0111010 71. 000, 000.
110010010ιο 001 01101100 0001001100 0100-

100110 71. 000. -
, 010011010 0011001010 71. 007.
Bomos, 1101111110 11. 0000, 000.
,, 00 (10111001 inventionibus, 10100 Bo-
000110, norbo 11. 000 01.

, 00111001 mmmm toron 0100111111
11. 000, 000.

, 000110 0011100010 00111111 ,0000000000-
0010· 11. 000.

, 7001010 01000000 10000001 000100, 011
eoum (111. 1010010111011111.000.

, 011101οι0 1001000100 11. 000 0., 070.

, , , 0000 (1011100010 01000001111.

000 0.

, 1000111010 contro 001110001101000001-

, 03000101 00001110 11000.
1.11·111.0.0“10.0,1*”·
Horologium 001101 vl 00.

,Argum-oum IL 00100.
1101010010 00010000 0100000010, 1000100011
711111001010.100.

,, 1010010010001011011111100,
1101010010 0011011110 7111 000.

· , 1010110 71. 010.
100101011οΜ ω vt 000.

uun-mm

11010000010. 01101. 1. 000. 71. 710
11011000100,10100100,001100.οη1·11101000.
71. 100 0., 7111 1007.
,00 Coponio· 71. 100.
,1110001001 ihm 111. 010.
,11an 01000011 Vl 000. 711. 007.
' ' ¹ omum&
711 007.
,ΚΩΡῙΕΜ 00πίιῆ Π. ¹¹⁰·
, , 0001010 0101111 0011000110
Ill. 010. 71. 110 0

, 000110 1000000100 00 1101100110 711.

, 00 boon 1000111 71000. [007.

, , 00110 001011001710000. 711000.

, , , olom 0001. m 000.

,100010111011100111111100
Himeiflffim 21011ῗ1οι01οιιυο01ω10

· 111 710 0.

1101111110, :odim 7. 000. [000.
,11001010 00011001 0101001011 100107.
,10000110οω mmo 71. 000.

1011101101,11110111,ιιοι ffl.
,00 amnuo 711. 000.

, 1000001011 00010 0011 vu 000.

, 0000110 0101001111 00001. vll 000.

, 000110 70000000 71. 111711. 000.
11001110 (110010) 1010011011οι 001110 7. 007.
11100100, Pom, 1111101110 71. 000.
nonno, 100110100001000), 70100010 doni·

0111010 01 0000110110οω 100101. 100.

, 0000110 0101001 0010001010 0000111100-

0οι longo-olm 11 007, 070.
111 000. 71. 000, 000, 000.
11100, 000. (1110100) 10111. 000100 00 000-
10100010010010 71. 00. 7111. 000, 00
0001000000 0111011000 71. 80.
1111001001 01011000 0001010 010010 0010010-
100 7111. 100.

11110100011000, 00 00000007 00700007.

Η1010100011000110101011001.000.11. 100.

00100100 10 000101. 001101,

11100110 0000011000 1. 000.

numm motu· 1. 1000. 11. 010. 111, ooo.

‚ 01 7110101 000110 01000017.11.1700. “

1100001010ιο 00110 01 111000 0. 1000. 711. 100.
1100010000 vn. 100.
0100100101, 101101 0101000000 71. 00.
11000110, 01001οῃ0 711110οη00 1. 007, 111.
11011011 11101. 7010100001 eit 11. 011. [070.
11000 11. 001.

1101100110 0011010 1000110110το0 11001011 10-

010000οη 01111111 711. 000.

Ηο01000001001 nomm 71. 100

1100100100010 71. 110, 011.

nyma 00 10000001 11ιο0111010, 0010100 001

1001000 0101000 1 000.

11000001 plum, 010000 71. 007.

&wlffino 1⁶25.

 

