LXIV

xeplon 6111616116 11

1166611111 Imp. 16616666, 16116011. 1612.

„ 116611 Deo. 1614. 1v. 621.
6611161611, 1111111111. 1606. 1v. 9416.

,, Ρ11116111. 1606. IV. 102.Ι
s011013131ssf'ffl‘1'6112 (6666661111. 111.
. ,, [1661111611. 1618. V. 4811.

,, ’,, Deo. 1618 (66611) (1. 66.)

,, , 6116. 1620. (66611) V. 66.

,, 0111161161161.1620. (61611) (1111.)

,, ,, 1622. (61611) 111. 300.

, ,, 111)1(1) 1623. (61111)11. 168.

,, ,, 1624. (66611) Vll. 600.

1
ζ 1166666166ξῖ 66166111, 111 s.

. . ,, ,16.-11111. 1627. VI. 627 6.

, , 111.-1161. 1627. 1111111.
vm. 60411.
,, Ρ16116 11611. 1628. vl. 666.

6611616161111,’1111616 1161. 1621. V. 630.

111111. scultetum, 1111161611. 1606. 11. 606.

166. 6611161161 (66616. 66161.) 2161611111.

“ 1612. lv. 671.

66611116 161, Jun. 1690. 611111. 1696.
vlu. 674, 688.

, 6661. 0111. 111. 16917111. 690.

, Τ16,,Ρ11111 1166. 1604. VIII. 710.Ι
661111161, 016111 111. 1606. 111. 784. IV. 110.
Sibyllam, 666111. 111111, Ρ11116.11611. 1611.
61116661111116, Ι.. Β, 211116 1166. 1607.

(666111. 66 66116111) 111. 117.

61111666611111, 611116. 061. 1616. (Π 648.)
,, 1166616676614. 61116. 1616. (1161161)

6161671666 8(6866 11616611), 16116011.

16611616,0 416114166). 1661. 1. 1116. ¹

'l‘heologiqffllzgssgm 1111611616, 1611. 1694.

tamensem 1111161111111, 1111161111, 1627.
V. 6271. vl. 648.

1111161161 (616611 1161111161.)

11016116, (111111 1161. 1696. I. 218. (266.)

Uxorem 6111111116, (11111111111601. 11111740.

1161661116, 111116 Febr. 1610. Vll. 46661.
,216116 11611. 1610. (1. 661, 667.)

11611611 epistolae. - Epistulae 16 1161161111.

1111116116 d 1161161111
6666111111 1611., Pras. 11111600. lv, 616.

¹ 661111666611, (16611, 1661161,.111. 1617.

1. 660. 1111810.

6616166111, 1616161. Apr. 1616. 1111811.
661616, 1111611166 1606. (116. 1606.)111.127.
66116161611, 1111111116 116. 1618. V. 481.

,, 1111116116 11111. 1618. V. 61 1.

, „ Oct. 1616. v, 11 ι. 111. 116.

, , 161. 1611. 11111111.
’ ,, ’111. Febr. 1620. 1111616.

, ,1611116111

,, ,06116201121

, ,1616. 1616. 11. 11.

, ,411 1626. ΙΙ. 168. (11. 26.)

, ,166162611768

, ,1611. 1611. v11. 166.

1 „ „ 1611. 1611. 11. 161. v11. 111, 661.

, „sepa 1611. 111. 161.

“ ,, ,, Sept. 1626. v111. 866.

, ,1611. 1627. (66611) VI. 662.

6161116161, 166. 160611. 641.
, ,, Sept. 1609. vlu. 782.

661611111161116. 1606. 111. 784. lv. 109.

,, 1661. 116. 160611. 110.

, ,, 111. 1606. IV. 1121.
6111661111111, 117616. 61. 1601111. 1.

, 1166111. 1611, vm. 797, 910.

, 1.1. Apr. 1618. 7111811.

,1. 1. 111). 16161111. 866.

, 1116111161. 1624. vm. 888, 971.
611611666611,1“166. 16111161614. vlu. 827.

, vien. 161. 1616. 1111111.
6111111111, Tub. 6611. 161611. 16.

,, 11111161. 1618. vn. 79.

11661111111111166. 1607. vn. 7. 1. 676.

, 11111.116,,1611., Μ111. 1608. vn. 8 6.

,, ,, Apr. 1608. 1. 876. vu. 9.

, ,11166 1608. 11. 791. vn. 9.

„1 ,111. 1609. 11. 761. vll. 9.
Tuis, (161111616 66, Viennae 1161. 1624.

Β11661116 Dec. 1624. vlu. 646.

16616611111,Ρ16116 1604. 11. 811. ’
Ursinus, Ρ16116 061. 1609. 11. 672.

, Ρ11116 11111 1611. VIII. 808.

, ,1)66, 16161111809.

, Line. Febr. -Nov. 1614. VIII. 821, 860.

, 661161166. Deo. 1614. VIII. 822.
Ursus, Ρ111.1111.1667. 1. 218.
1116186111112111. 1111. 1601. VIII. 769.
16611111116161,111). 1610. vm. 760. ’
1161166111, 11111116 Deo. 1606.-11. 604.

,, 11111611166111166. 1608. 111. 466.

 

