Lvm 1111111111 «1111111 11 mlum
mn 1111111111 ‘nmmum

11111111, 1111111111.01111.(0111.01111111) 10111111, 0111111. 1001. 7111. 741.
1. 1. 111. 1011. 11. 017. , 0111111110111 1001. 1. 004. ·
sonatum Euslingnmon, 1111111 1017. vl. 040.
1111111, cancell. [1017] (1.1.) 7111 077. D. 1111111111, 11111111. 1001. 1. 000.
01110111 1111111111. 0111111111001101111) , 1111111111111 11111. 1001. 11. 401.
Lmum. mwfflffl&
„ 0111111011. 1001. 111.0411.,11. 100011. , ,, 111. 1001. 11. 401.
,, ,011. 1001. 1. 01111. (1100, 010.) ,, ,1111 1001. 111 01. 11. 410, 701.
(1100.)114101.,701.1117111. (1. 010.) -
’ f„umwoemmfflmm
(11701.) 11410. (401, 00. 11111.)
, , 11111. 1001. 1. 011, 011. (1100.)
,Λωψω1ωηη
, , 011. 1001. 1011 (100). 11701.
,, 11111110. 011. 1001. 1. 011. 11. 701.
“, 111111 111111. 1001. 1 011. 11170.
um mn
, 111111. 1001. 1 011, 014. Π. 00.
,1111011 1001.1014.11.00,701.
, 0. 0111. 1000, 1010, 0111100.
ω11Μ11ωω
01011,018.11.00,414.111701.
.‚‚ 10. Febr. 1001111. 70.
. ,11111111111114111 ’
(11. 00). 111. 70. .
,11111001101104011170
, ,711.1000.1041.111.777),8411.
mnnstmfflme „‚mmmmaekmm
11. 00, 701.
n

1111111111, Pruna 111. 1000. 1. 014 11., 010.

„fflwfflssmamfflmm‚ „uffimssmmumffi
101, (11. 07, 701.) ,, , 11111004. l. 341111107. 111. 00.
, , 01110011440111001. (1107. ,0111111 1111. 1004. 11. 107. 111 14.
400, 007, 700.) (Π. 07, 700.)
,, , 11111. 1000. 1. 0401. 110071.
, 11111110111. 1000. 11. 00, 430. 111. 400.
,0111111 111. 1000. 1. 0011. 11. 091,
,wammam
„„Qmmsswffluuffi
mufflmmmmm
„Qamwffiumwa
,, ,111. 1000. 111. 108. (Π. 101, 001.)
,, ,111. 1001111. 10011. (470).
μωω1ωωωω1
, 111.1007.ΙΙΙ.110.(11100,002.)[110.
, 1111110001110100111111011.
ff Aug. 1000. 11. 107.
,ωωωω1ωω1
’μηω1ωω11
Lffimoemm
Joh. 1111111111, 1111111111. 1001111401. 111. Fabricius, 171111. Mam 1000. 111411.
0110111011, 11111. 111110. 011111 10111. 11111, ’11111111 1014. vn. 141.
11. 011. (400). 1111111 (11111 ’111. 11111.)
mmmmm
, (111111.)71 0711.
11111111, Progne 011. 1007. W. 11111. 1111111(11111111),0111011011100711117.
Fluctibus÷ 111. 111 -υ, 1. 1. ng. 1011. 11111111 11111111 sapt 1011. 7111. 000.
‚mu

„ ,011. 1000. 11. 00011. 1. 04011.
11. 071, 111. 0011, 40011.
(vl. 040.) 111, 474.

, , 11110011. 007. 11 100, 000.
mmmm

, ,111. 1000.1110.10711.1007.

111. 11011, 401, 000.

,111111 011. 1010. (111 11111111111111

11011111017001.

38858388

 

