· 71181118
· 8811881 88118 181111 11. 811.
siligio 88111 por 18181888 1811881888
111821.
relidit 08118881 818818111 IL 387.
181818111888 8811881118 11. 184, 241.
18888 illuminatione ll. 274, 278, 28118.
, 1818 818811811. 288, 418.
, 18888111 11. 288. “
,, 881188181181811 288.
,, 8181188811. 278, 278. ’
,, 188818 8888188118 11. 801.
11188 viss in 88111 8811811 11288, 811.
18818 11. 884. 88 reflexione 11. 1841.
1811888888 globi 8818181 11. 248.
, 81118811. 74 8., 178, 182, 208, 222,
228, 822.
remotionum 888818 11. 181.
Solis 188181818888 11. 182.
88188111 1182, 188, 188, 482.
1181181818 1888 11. 288.
superfiuis reportemus, rsirsotionis
11. 170, 402.
. umbrse 18118888 118818 11. 287.
. visionis 18888 1184, 148, 228, suess,
287, 281, 88411, 402, 824.
. risus erroribus 11. 8341.
1181118111 quse desint 11. 128.
1181118811 errores in 1811881188811.88, 181,
. 200, 210. 822. “
, 8118111 88 visione 11. 228, 231, 288, 288.
, 88118 8808118811. 8, 888, 402.
, propos. ustrou. 8188188118 11 208 88.
, rsiruotionnm smil 8181818111 11. 181.
, 188811 1888888888 squso 180, 188 8.
, textus restitutus 11. 210.
7111881 humor li. 282, 287.
711188 8818181881 88 881. 88181811. 27.
,, digito 8111181881 18881 7. 448.
Vitruvius 88 1181881818 squas 11. 212.
‚venile 71288.
71118111 8111888811 qualis l. 2718.
, sententis 88 proportionibus membrorum
eorporis 81 figuris 8188118818818181. 208.
vesulium, 81111188. 111 478.
,88 comete 8. 1882. 711. 248.
, G„ 81881888 8881888888111. 122.
, typographus 111. 80.
Vogesi 1118818811. 212.
voigi, 881181 7811188. 8118118 17. 8.
7818881 818 11. 802, 782.

7818188888, 1. 11818, 7111. 42. (17. 488.)
Volusi. q. 1811871. 821. 7111. 88, 48.
781118188 8818171184.

vox 88888188818111.181118887111.48.1
78888881811181,.188811881811140,144,188.1 , , 88188888181711. 288.

788818 88888188811111. 8448. 7 18818 1

,1118111118 88881. 200.
781181 888188 1111818188 888888111. 748.
78181881818818 8818118, oosle 818. 71. 1228.

W.

7181881181 8 7881181118, 1181118888
1888111888 1188818111 constiterint, 11181811
tentor.
Uirunum oremstnm iispisro 888818111888.
88 (18111881 inventionibus 18 88818 11. 481,
488, 488, 801.
188181 81 881181 1111888188 1881811 17. ite.
88 1888 11. 417, 488. [7. 87.
mundos innumerabiles 88118811 11. 420.
8881888811 librum iisplero 111811111788.
Nihili omens 711. 717.
88111888 1111811181 11881111 7111788.
88811388 studiosissimus 17. 84, 102.
8181118 tisis tribuit 81888188 11. 420.
88 visu 11. 288, 477.
volutionem louis 81188 88818 1111188111. 888.
7181188111 8118 mortus 11. 110, 807.
, mors 7. 88.
7181118118 8881881 11881. 118. 88 8118711717.
17888881 888. juvenis 1. 218, 288.
7888888881, 8181188811 Noribsrg. 71. 20.
71181181, 881181 1188881 7111. 887.
781118171. 812.
711811,.1. 7., 18818111811111838881. 718.
1188.8881188 71. 828.
7818818881. 8881811. Philippi 1111881 11. 401.
7811888188181 411181818188118 11. 88.
7111881188188, 1181.111881811888181 71. 88.
, 8188188188 888881 711. 870.
, 8 11181818 judicium 88111 ustrologicnm
71. 70. 7111. 347.
, Ksplerum Ssgsnum 18881711. 882.
71118021.
, 18 Wiirttombergis 71. 824.
711188118811 genesis 1. 22888811. 111134818.
„ 8888111 comparaturum 8188111188781-
8181881 11111. 888.
, annotationes sd genesin susm 1. 8808.
„leudos 711887, 8828701. ·
„ superstitio 11111884.
7188818818 inssribit 1188111111 ,,-8888811818
uem sd Epist. 'l'errsntii“ 711. 870.
781118181 18. Ptolemaei 1181888188 1 107.
..88 1181188811 opere 111. 818. [7. 488.
7811118188, 8111111.. 88 888188811888 8818181
1118111111. 822, 882.
,88 eclipsi 8811111. 818, 422.
, , 1181181118821,118,418.7118111.
, , 18888181188188811117. us.

l 78118811 8818881181. 202. 11. 228.
¹ , 88881181188811. 188, 171, 208. 11. 228,

882, 418. Vl. 817, 72888. 711. 14.

, , 8 Oopernioo sobtbttss 1188.
17,81111 181188 111181 1883111. 228, 288.
'Wssosq 7811118188, 88. 11111811 88818 11. 87.
71181. q. 1188888.
wezelinus, 8 11881118 1818181 7111. 784.
7888 88 humbri 8811818 17. 178.

 

