Kepleri. .

Wffl
1110 011010 paetum VIII. 701 11.
0110111 1100111111. 817. 111 404 11.
0110011111105111001 111. 198, 400. 1.104.
0111111 01110111 1111. 45.
011110 1111. 710.
cumen 00 01110 00001 1111. 710. “
, 111011. 000. 711. 143 [1111. 801.
, 1111111001111010111111 11111 Inguae
chronol. 11101011800. 1111011111. VII. 75111.
,, 011111111011110111. 140.
cognati 111000111111 V. 480. VIII. 088.
00 cometarum 11010 011010 111111. 119,’100.
111. 3 011111.
00111111011013. 11118831. [111010111170001.
000010111111100 observationum 110.
controversiae 0111 011010 01 0110010111. 343,
000111. 0, 11, 30, 444, 4031, 705.
eorpus 11110 I. 301. VIII 800, 800, 875.
001001111011100, 100, 110.
0100111110 01 11011 1100010101 1111. 71811,
011101111110111 8111110111 0701. [710.
0111110110 1111111100 ι11011111100000·
0100101111) VIII. 140.
dulgentiam 0101110 100111 11. 77. [090.
00 011001011011 1011110111 (0 000. 1111.) 1111.
dirigendi 100111111101) I. 005, 3100, 330.
35311. 117101114751. 1111. 330.
0111011001 modus l. 005, 010, 007. 11488.
IV. 00011.

11111011 111111110 u
1111011010, archid. 01111111 (ded. 1100111 1.

0000111111) 1111. 01111019. 111. 40.
1101111010 0111011100, 111110, 0101010.
11. 4701.

,, 111111011100111. 14, 50111. 10011.

, modinum, 011111. 11100 1007. 1. 004.

-,, 1100110100111. Deo. 1004. 11. 80110.

, ,1. 1011. 1111. 3431.

, ,011101115011111081
0101111111 feminam 0.1.1010.111181111.
Augustum 11110. 1101101111, Pras. 1007.

I. 003. 1. 04511.
uum, 1101101. 1003. VIII. 82⁹.
0110011011, sq. 1101. 1019. 111. 581.
0110111111 1000. 011011 01111.) 0111. Sept.
1000. 11. 177.
nummorum, LIncII 1. 11010. 11. 100.

, 111011 Mart-Iul. 1013. 11. 101-104.

, 010100110001. 1013. 11. 104.

, 1001111 Febr. 101111. 104.

, 1110111111. 01000. 101111. 105.

,, , 101-111 101111. 1001.

, ,011.1010.11.107.

, ,1000101110001110

, ,1.0. 0001 1017. 11. 001.

,, , Aug. 1000. 11. 01. VIII. 874.

, 111011110118111. 1000. VIII. 874.

,, 11111100οω0011021. 1101. 1111878.

, 11111110 0111. 1001. VIII. 078.

,, 1. I. Aug. 1011. 1.18.1101.1111.870.

‘hv

011111110111 11111,Ιε ι 1101. 'subm
10111111 14, 18011407, 000.
V. 3. VIII. 03, 40.
„ 00 1100011111Ιο. ’100111110011011111
⁴ 1. 1001111111 libro 1. 1011101101 01
Aah. 1101111. 110.
0111111110 0111 10101010 Augustam 011111·
110011 01 motu ’111111 VIII. 41.
00011111 1111. 08811.
dubia 01 tumul· 0010010111 VIII 809.
effigies 0. 1111111111. ,
010111 In 01111ῗ 011111. 1111. 100.
, 0111011 1101101 111 101.
,, 0111111111 0110111101 1117. 180.
,, 1110011111 Holpii VIII. 130.
spinula 111 1111101 11111111 1. m.
VIII. 040, 077.
011110111011 00111100 v. 1110100.
0113111111οἀ nurum 00 111111 1011 11. 010.
„ 100011111οί 010111 VIII. 41. [710.
, 10 1011010101 111. 018.
,, 01 111111011100111 II. 0011.
„ „ 0010111105.
,, ,, 1111111110 1111. 40.
hffiffifflffiffiffium
, 10 0100100111 1. 00, 1001.
, 1111011011011111 1110111111 II. 807.

0110111110 11 1111101111

1011011111, 0101111 1007. I. 003.
1010011110.. 1101011. 11. 010. “
Barbatum, 1110101 01111. 1010. 171 400.
, „oen 1110. 1111101.
0111100111, 411111. 1030. VII. 478.

nemmem, 011111 Deo. 1010 (01111)11. 10. ·

 

