LXII

Koplm 1111111111 11
1111111111, Pagae Febr. 1010. 111101484.
,, „ 11111. 1010. (11. 408.) III. 480. '
VII. 4481.
,, , 1111, 1010. 111. 440.
1111111111, 111111 111. 1018. 11. 78811

Marium, sunonem, 8111111111. 1012.
(111. 018.) 11. 41811. 111447.
1111111111111111., 11111011. 1018. 1111800.
‚‚ 11111. 11111. 1018. (111111111111811.)
1v. 111. [111.
,, ., 10101117. (0111111111.) 111471,
11111111111111, 1111111111 41111.. 1. 1000.
1. 1. 111. 11. 000. ,
,, Βιν. Ducem, 1. 0111. 1. a. 100111. 117.
1111111111. 1. 1017. VIII. 848.
1111111111, Pras. 1111. 1000. 1111. 7001.

111 11111111118111. 1008.(011111)1111740.

Ph. 1111111111 1. 1. 111. 1. 0811. VI. 7411.
1110111011, Pugno 1111. 10001114011.
7881. Ι[111. 080.
1111111011111111.) 1111, 111. 1018.
Norimborgonuem (111 11111111111.)11111111
Line. Aprss 1080. VIII. 8111.
0111111111, (111111 Aug. 1000. 111. 444.
11. 108 s.
,1111118111 1000. VIII. 080.

orimum, 1111111. 1111. 1081. VII. 44811.

Puplum, Pragae 1. Jul. 1000. (11111) II. 80.
„ 8111111007. VIII. 710.
„ „ 1. 1. 1010. (11111) VI. 81.

811111111111111111111131111111, 1111. 1088.
,, (1110111101) s. 1. 1111111114.
111. 818.

0181111111, 1111. 011. 101111. 188.
„ 1111. 4111. 1018. 1148811.

8111111111, 1111111111. 1007. IV. 11411.
111. 114. [111. 11.
’ 8111111111 1111111111.. 111111 111. 1008.

1111111 1111111111 - Epistola 11 11111111.

mm 11 11111111·
Mnus, 1811111, Febr. 1010. 111. 480.
„ Apr. 1010.1Π. 4401.
„ 1111. 1010. 11408. 111. 440.

1111111111, 8111111111 Dee. 1018. Π. 788.
. 1111118011. vm. 111.
1111111111 1111111, 1111111111 (deest)
011. 1018. VIII.¹ 008.
1111111, 8111.. 01111111 e. 1. 1018. (11111)
,, 1111110141 11. 111. 1111. 1111.

1111111111, 1111118111. 111111. 1017.
1. 07. (VII. 471.) 11Π. 848.
„ 111), 1018. 1111. 801.
π111. 1018. V. 57. VIII. 801.
110111111, 1ο1..1.1. 111. 11011. 1008.
VIII. 740.
„ 1111111111111. 1008. VIII. 1181.
,, 11.,1111. Aug. 10811. 0011. 11. 781.
I

00111111, Praete 111. 1000. (11. 108).
,ι 111111. Aug. 1000. VIII. 080.
„ ,1111 1011. VIII. 880.

„ „ Sept. 1028. 111. 14. VI. 087.
01111111, 1111111111. 10011111. 747.
„ 1111111. 1000, 10011114471.
Ortholphus, 1111111Ιί111. 1080. 1880.

811111, 111111), 1087. VIII. 081.
,, 01111. 111.-011. 1081. VIII. 708.
,, ...1111111111 1008. VIII. 747.
„ Region. Aug. 100111. 80.
„ ,1007. VIII. 170.
,, „ Febr. 11111. 1010,11Π. 781.
„ „ 8111. 1011. VI. 801111. 180.
,, „Aug 101011811111. 881.
„ 1111111111, 111. 1010. 1187.
1111111111, Hm. 111011.,Β11ι111111, 111.
1020. VII. 3011.
„ 8111. 1084. 111808.
,, Apr. 1080. 111. 808.
„ 111. 1087. VII. 308.
8111110111, 11111. 011. 1018. 11. 481.
,, 1. 0. 1. 101411. 488. VIII. 881.
„ 111. 1018. 11488.
,, 111). 1018. II. 484.

Pinarius, Vriburgl 11111. 1007. 11. 114.

. 111. 111111. 111.

 

