Aethiopes - 3331331133.

311313331 33131311 71 30, 123.
33331111 33311331 13.
31111333 31333133 quoles 11 42.
311131 circumnavigata 13 Aegyptiis 711783.
33311333333113111. 71. 322 3. 323.
3333111131 33311 7111. 77. · ,
331133323331131, philosophus 7113131, 3311.
3331313133 13311133 1113333111 ΙΙ. 323.
irriensis (131111) 311331 1 433, 338. 711.
Accippe, 0313, astrologus 1. 331.
Agrippas Bithynus 31313331 313111 occul·
teri 11311 11. 322.
313313 1. 33333131.
3133, 731.,1133111131131 11. 743. “
31311333131 31131331. cetron. 11. 438.
,, 3111313313 331133333117. 147.
, 1333333333 33111 11333133 hodiernis
prodit 111. 432.
,, 33 31311331113 31233313311 distentis
,, 33 3311311313 3331331131311134, 71321.
, ,31313333313133 3133311127.
,, ,111333 3133311311. 348.
, ‚ ,, 33333111311113 ill. 343.
,, ,, , 33311331 11. 273, 282, 338.
, ‚ 3113313133133331111 27. 7. 323.
,, , 7131331331 eclipsibus 1412.
,, ,, Solis spogeeo 111. 307.
,, , , 3133311311344.
, ,, , 333333131111311220. 333.
, ,, ,, eclipsi 11. 311. ,
, ,, 111111133133133 11. 223.
, , Terrae 31111113 71. 134.
31331131 chronicum 11. 313, 422, 782.
3133111 33111113 113313. 311111131 1. 333.

, 11117Π. 3.

‚h γ333131114133313131 113133 33
comes . , 11.
Albinovanus, 3331317. 87.

31313 1131133 11. 212.

,, 333 Occurris 2131331131 111. 733.
3133133131 (nucum) de 1133311331 11. 343,

,, 33 3113133111 11. 333.

, , 113113133 3311131331 11. 330.

, ,, 1331131 311111333 1. 442. 11. 327.
3133331311113311 ll. 334.

, 3331111. 311.
31333311133 3311131133 1441. 11. 323.
3133331111 3331311. 811.
· 31313333 33 3311313331111. 483.
31131131 311133 7111. 27.
3131311133133131111113133 3111131133 u. 221.
3131331 1. 21133331.
3133133111 31. 17. 143, 147, 148.
3131333133 13 133313 Rhodo 31331333 di·

111311111221. 71 134.

, sb 0311331133 3111113111 71337.

3113113

111

3111133333 33 3311311313 obliquitate 71. 84.
, 33 3331311 ducrum 1. 27. ,
, ,, 13333111 planctuum 1. 27. 7. coc.

, ,, ’131113 333113 71. 134.
, , 13313131441.11323.

, ed. 1 (lolio 31 0331131333 11. 811.
31133113 33333133113 uude V. 103.
Algebrelcerum 31 geometricorum 331313133-

tiouum discrimen 7. 103.
3131133331, 33 1133311111 13333133 loco 11. 13311.
,, 33 1333311333 11. 170, 173. 131. 222.
, ,, 11113311 3333 11. 234.
31331331 031133 11 333 313311. vol. ll.
3111133, Petrus 33, 33 esquinoctit tempore
17. 24. 71. 104.
, ejusd. 3333113113 astrologice cum 11113·
logie li. 727. 331.
3133333 (313333) rex 311333, 33 ecl. 11331.
71. 831, 222.

limiconiensi, quid vl. 202.

3133133131, 33333331. 231.
3131333113111311313111. 337. 11. 84.
3133113333 Rex 1123. 11. 301. 111. 307.
71332. 711. 733.
31333311 31331333131333133331133171332.
3133333133 r. 73311133.
3133331133133 (astronomorum) 11333 spicere
, 33133 ducrum 1. 120. 71312, 323.
,, 13331333 83111111. 307.
3113113331 iil 11. 782. ,
Alpium 111, 1111111311 11 212.
31111133 113331 71. 32.
31111333 1131133, quid 71. 214.
, , minuto temporis esuribliltsr
1111131111 711. 217.
, meridient stellsrum 71 217.
, 3131113 quomodo 1313313333 71. 223.
, 3311, 1333313111 71. 134, 217.
, , ,, ,3331113171220
3113331133, dc 113111 c 1304. 11. 381333, 318.
3113113331, ortior 13333311 Preger 711 443.
33331331311113333113111 40. 42.
3331113331 1133133331 l. 313, coc. 11. 380.
Ambrosius 33 333331317. 47.
3333113113311 eget. regis Angliee 7111207.
31331111 3333 1333111 repleto 711 722.
33311333 gentes 17. 22 3. 711. 731.
, 33133113 7111 1121.
33131111, comp. cum propert. 311333 7. 200.

ἡ 3313111333 311133111311 33 31113133 prodigiose

33333 33 lunensem, nob. Styrus 17. 1231.
333311311. 71. 237, 228.

implore Rom. 7. 322 11.

Amplitudo 311113 71224 1.

331131 filius dc 133131333311. 2731.
333111333 ’131313 3131331171. 002.
,1331331133 11. 702.

 

