LXXXII

0111111 1111111111 111111 1111111111 11. 191.
0111111111111111111. 9101.
,1111111111 inter 11 11. 1971, 998.
,1111191111947.111.199,198.

. I 1801.
01111111,11111111111111111111.9,14.17.109.
,111111111119 11111117111. 899.
,,11 111111 observationibus VIII. 899.

,, 7191111 11191119. commendet 11111111

1111119111111171. 987. .

,, quartones 11 1111 Xepiero mittit
Ι01111111 111 vion componetur II. 14⁰.
01191111, v. 9111111111.
onorius, de upootibue I. 971, 997. II. 919.
ogygi· 111111 7111. 98.

0911, 11110111119111111. 1911.

01111911191119111111111 11. 79, 74.

01111,1111111111111111117.978,998,901.

01111111111917.11.90,919.17. 997.

01111111 1111 instituti 17. 191,119, 909.
71. 998. 7111. 979.

0111111111 1111 11 origo I. 991, 989.
17. 98, 91, 98, 997, 900, 909.
Vll. 790. 7111 988.

’0111011111111 q. 11111 111111 111. 119.
01111111 7. 41.

011111,111111.119.
opinianus VIII. 190.
011111 11111111 1⁰⁰4
11111 1111111191 Imp. II. 191.
11111191 9111111111. 19711
,1111111111 911.

quo tempore et 111 11111111. 911, 970.

11. 911, 77, 191. 111. 99, 97, 79.
11111911111111011111111. 199.
1111111111 11. 89, 101 11 pers.

1111111 11. 99, 99, 197, 111918.
11111111 gnte 1. 981. 11. 99. V. 998.
1911111 1111911111 11. 917.

11111111111111.111111111.998,49011.
11 1111911111111111 alludit 111111.

1191 opt. 11111111 111 expiioet 11. 499.
1119111111 111111. 4,' 19, 91, 811.
· 11111111111111111111111. 991, 999,
999, 971, 9991, 499.
Optio· 11111111111 111111. 197. 71. 119.
, ed 11111111919111 11. 999.
, qno methodo 1111111111. 7811.
, probi. 11 1111111111.1011.,190.18711
919, 99911, 999, 194, 9981, 994.
71. 131, 14911. ·
,11111111111111119111919
optione Xepleri 111111 1111111111. 811.,118,

199. 111. 411, 999 . =

VII. 701.

,intentiones oum (11111111 toroni.

1111111111 11. 49011
,, 11111111111111 11. 919, 991.

. , nomenoi-toro 1111 11. 190, 999117.

011111-

01111111 11111111 11 1971, 990.
01111111 1111111111 11. 199, 999, 999, 999, ,
191, 989. 7111. 91,·
0,, Ρῖο911ῧ111ἐὲ11111 11. 191. ·
1111 . .
01911 1111111 I.111,117. 714811, 1981,
111, 111. .
, magni 1111 71. 198, 119.
,, terreni 11 1111111111 orba 11111 Lon·
111111. 71. 919. .
019111171111111 nodos VI. 4⁰1. ·
,, 111111 in coelo 11111111 919, 190, 917,
98911919977111.119,177.7.999.
VI. 909, 919, 910, 999, 409
,1111119111111 999, 907.
, restituentes 1 999.
,revolventes 119111111171. 999.
019111 coelestium spissitudo 1. 14, 1811.
,, ,1111111111111111111111111-
111111. 10911.
, 111111111111111111111111111111 1. perr.
11. 909, 1111111. VI. 919,990,109
onemo? 9991911111 71111111111111 Ι. 998.
,, 1191191119111119111171. 909.

’ ,, ,, Astrologi· I. 9991.. 999.

, contro Orienti. Grog. 17. 9.
,11 1111. migne 11. 918.
, 11111111111111111. 191. II. 441.
,, 11111111 1. 1999. {eleo 111111171199111.
, 1111111. diff. inter 111111 1111111119.
,811111 Ephomeridibnr 111. 479.
,911111 1191111 1111111 71. 190, 940.
01111111111111111.111,111,191.
11. 441, 911 111479. 71. 910,
909. v'11. 14111, 499. [908
,, , 111 11111. 1111111111711. 991,
, 1191111 aequationem 1. 998. 71. 987.
,, hypothesis 11 11111 7111. 999.
01111 11. 900, 989. 71. 197.
01111111,11111117.189,191.
Orosius, 11 Augusti 11111 IV. 919.
0111911111 oroo astronomorum 1111111 oom-
peratore 1191111111. 197.
01111111 VIII 190.
0119111911, praeceptor Hirenvimtr V. 179. ’
,11 Κ111911 111111191119111 111111111111
01111 ot 111111111111111,91111111 111.

VI. 9891. 19911.
011111111,1,11111111.
01111111,111.,0111111111111111111911111

typis excudendum 111111. 919, 989.

, 1191111111 prophetie VII. 894.

,91111911191111111989
01111111 1111111111 11 0111111111 et 1191111-

11111949. ·

,1111111111 11 0111111111 opor 1. 919.

111.109,199.

,Harmonia 9111111111· 17. 999.

 

