. Iolci 4111111111.

. 11111111
peroratio 1801111111 11. 108.
81 pecuniis 11 1111111 publIoo 1111 solvendis
11111111. 1804. 7111. 888.
,, 1111111111 71581.
(Io pluvio 11111 I. 511.
1118111 18 Imp. 1111011111 11810. 7111. 8051.
,, 11 1111111 1111111111 (deest) VIII. 778.
praeceptores VIII. 080.
proodIotIonnm 1111 1. 450, 845.
procos pro 11118111111111. 101, 108.
privigno 11111111. 10, 51 1., 884, 8581. 11. 108,
100. 111. 452. 7. 487. 7111. 801,
708,710,751,758, 777,80οι,817,840.
propositiones geometricae II. 248, 802. III.
, optio· ΙΙ. 08011. · [628.
11111 111111111111111181111 10, 518, 510.
,15111111 genethlium 1118111181 1. 200,
8181, 85811, 871, 880, 4001.
V. 28111.
11111111111111 7111. 880, 751, 878.
1111111111. 7, 80, 72. 887, 858, 8801.
11 781, 84, 7581111. 01, 80, 518.
17. 871, 510, 71. ol, 801, 841.
VII. 480. VIII. 788, 8081, 885, 888.
, 111111 111111 71. 470. ’
11111111111 11111 7111111111 7111. 7481.. 7811.
11111 11511110111111 1. 854. 11. 01. 7. 480.
VIII. 801, 710. 751.
111111118111111 71511111 VIII. 08711.
11111111111111111111. 80. 71. 582, 885.
. VIII. 88211.
11111111 71. 880. 7111. 88711, 185, 085.
111811 astrologicam 1111. 111117111004-
850 8801. ”
, 11111181111(111111.Ρ111.) 7111. 288-
1108, 787, 880, 845, 888 11., 888.
, , 8181111111 8811111111 1111111111
,, 11111111111117. 8 oo pou. VII. 75111.
(ox 1111. Polk.)
, 111111. ot philologo· (11 1111. 1111.)
VIII. 100-005. [108.
,, 1111111811 (111111. 7111.) 7111. 115-
11111111111111 1111111111 I. 808.
= oupoIlooIfflo, 818111. 1111111 7111. 88511.
symbolum 11. 871, 888. 111. 458.
uxoreo: 1111118111. 11111111. 24, 84, 884,
8581. 11. 400. 17. 872, 517, 547.
7111. 88811, 088, 080.
,, puori· bono 11 styria I. 55, 854.
11. 70, 400. III 4401.
,, altero suanno 8111111111 II. 400.
17. 114. 5171. VI. 28. 7111. 88,
081, 041.
,, eju· 111111 01111111 dogm 7. 507.
“ 71. 04, 08, 28, 80. 7111. 881.
11811111 81 11511 1111111111 1. 800, 44711,
18811.,1157. 11. 70811.
11111181 oum 811111 (011111) 11 comtum
11111 1111111111 711. 0751.
111111 81 1111111111 11101111 7111 548.

111711
1111111

111111 111 1111111111 0111111111 7. 880.
, 111118111111 115111 1111111111 II. 828.
7111. 718. 878, 000, 001.
, , 1111111111 VIII. 0111.
, 81115111 phyoloolibuo 111. 501.
8111 1111111111 1111111111 quomodo 1111111·
311811. 108. VIII 1007.
1111 7111. ooo—1020.
votum pro 111111111111 Ρ1181. 1100.
oum VIollonoIonlo 11111111οο astrologia
Koploro astronomi Intonsi ob dojootom Ptol.
,, 11111111 qui 11111111 810, 840.
,, Terrae 1111111 ,111 11 111111ιι 11. 118.
,1111188111111111111 obloti; 11 opino
18 1111111. 8111. 1800. 1118111188.
8111111111, opiscopus 71111111. (1111111111)
1. 880. 7111. 818, 070.
1111111111 8181111 1111111111 librom 81 nono
111111 01111111 17. 281.
1111111111 (71111111) 81 1111111 1111111111-
11111111111 71. 887. .
8111111111, mooun 71. 78.
11811111 1111111 11101111. 1. 188. 7. 0.
1111111111 V. 4811. VIII. 878.
1111151111 (1111511. 811111) 1111111111111-
111. 11. 870, 708, 708, 788, 740.
,, do 111111 novo 1111 1804. 11. 8001,
, 111111111111111 oo 8111181111. 810.
, 1511111111 1111111111 III. 570, 587,[588,
, observator 1111111811 11. 801, 847. 711.
111111111111111811111111111111 l. 00.
111181, 1118111111 Potropol. 111111 1. 50.
nnus, 1811111111 81111111811111, amieo· Kop-
lorI VIII. 447.
1111111111, 011181151110111111111. 201.
1111111111, 01113,1111111114011181111,17111.
11111118110111181111 111, potio 1
111111111111111 1000 1. od 1811811
11111111 astron. VI. 887.
1111111111, v. 01011111.
11111111 111111111111. 488.
1111111111111111. VII. 800.
8111111171. 824.

11.

1111111111 81711111181111111 71. 1011184.

11111111(1.0111.) 81 astronomia ’11111181

11111.ν 1812311 1. 111.

Longo, HovolII gouer, 11181181111111 1111.
11111111 1. 58.

Longino, 11111111, 11110111 (111111) ’rym-
1111 11111111. 217, 808. ,

,, 111111111111111111. 1. 888, 870.
fflffizlgffltssot 11 1111111111. 85. ·

 

