1111111-11111.

omn, Diome vm· “oe
01111111, 8111111111 17. 817.
onem, 11111111 7. 11. 71. 108.
0111111 1111111111 1111 1111111171197.
011111 11 1111111111 1 1111111111 instituti
‚ 11111111111111111111111111171187.
,, quemodo mileum. 11111111 71. 171.
, , 11111 11111111111111111 1111-
111111 11. 111.
01111111 11111117. 88, 118, 118,119.
, 11111111111111 7111178. “
, belle Ι7Π. 181.
,, intercalandi 11111 17. 181.
,, calendarium 7111. 170.
,, 11111111111111 1111111111 7. 171.
,, memureeylleberumv. 178.
,, 1111111111111111111111111111711199.
,, 11111 71. 108 1.

· 011111111111. 100.
- 01111111(8111111)]111111.1.1111111171111011.

, 11111111 111111111111711Λ78.
. ,, ,, 1111111711 118,187.

,, ,, 111111111111111111111111111111

711. 17111.
0111111, 1111 11. 10, 88911. 111187. (defi.)
0111111111 1198. 11, 11. · ·

, 111111111111. 111. 71111·

0111111111 11111111 11111111111Ρ11111111
1111111111. 01. [7111. 788.
0111111111 11111111 1111111111111111111111
011111 11 eentum 711111 11111111 1. 111.
71. 110, 188, 181. ·
0111111 11 levium 11111111. 18, 191, 1081.
ΠΙ. 118. 71188. ’

, 111111111171. 180. ·

, 01111111, 111111. 87.111. 1111. 71. 110.
, 111 11111 eum 11 1111111111 711117.
, h 1111111117111. 171, 10.
0111111111 eeuee 71. 101.
, 11111111111111111171. 871. [881.
erogem 1111111111 1111111111 1111111111.
Gregorius xm„ 11. m 0111111111 ee·
7111111 . 111.

cenom 'theologi emtione· 17. 118.

areuna, 11111111 71. 118. ·

1111111111. 7111. 701.

0111111111 71Π. 19.

ambergam 1. 0111111111.

0111111111, 81111111, 11111111 1111111111
et 111111111111111 1817-·10.
111. 110. 71. 101, 7Π. 110. 7111.
718, 817, 078. y

„ 111111111ιὶ11 1111111111 111111

71. 81. 7111. 171.

,, ΚοεΙὸἷο 8οοιὲιι1111111111 1011111 1881.

,, 11111111 11111111 111. 110.

,, [111111 1111111 11 011111. 1817. 11-

1111111. 881.

, ,, ,, 11 1111111111 e. 1111

wQO

XXXIX

0111111111 1111111111 Nepet! 11111111
0111111111 0111111 num 1111111 vul. 119.
0111111111· 11111111 11. 111, 111.
,, nemen, 1111 71. 101.
Grotius, 111111. Avieni 1111111111111
11111
Omnem· 7111111, 111111111111 1. 80.
,, 1111111111 mrem 111111 1111111111
1111111. 711. 71. 8711
(1111111 1111 11111111 7111. 888.
Gmppeubeehaypogrephueming.mmm.
011111, 11111111111111111, 11. 01111111 ne·
111 posthumum 11. 711.
01111111 ed. 7111111111 1111111111 11. 881.
1111111111. eellpt ohllq. 71. 108.
01111 Areum 11111111 proportionum
1. 101. 7110.
0111111111 1. [11111111.Ι

’ (111111111101111111. “· ⁵

0111111111,11111111 [11111111117711111111.
0111111111 01111111 11111111 711. 181.
01111111, 10111111 17. 117. 7111. 800.
,, 11011111111011111111117. 1.
', 0111111111 geometriae 111 1111111111-
111111111 comperet 17. 888.
,, 1101111111111111111711. 118. “
, 11111111 e. 1818. 11111111 711. 10.
,, 11 1111111111111111111117. 81711
0111111 epist. 11 11111111 7111. 080.
effimmfflm
mwmwme
0111111111, 11111111 1111111111111·
11111111 mgna 11 880.
, stenem novem 11111111 1111111111. 708.
(11111111, 111111111111111117. 117. 71. 10.
,, 1111. 1111111111. 1. 808.
,, Belem, 1111111111. 1111111111-
1111117111. 870, 017.
, (1111111 uxor 7111 878.
0111111111 11 1111111 e. 1171. 711. 118.
otetur 11 eentum 111111 7.180.
011111, 1. 011111.

1111111111 preeee 17. 11.
neumam, 1111111 v. 117.
1111111111, pres 1111111111 111111111181.
1111111111.
„ 111111111111 711. 111111.

“ ,, 11111111111111111.111,1111.,

111. 7111. 017, m.
Remedium 111111111111181111111111
11171111· V. 108.

1111111111, M, 11111111 111111. 1180.

 

