88771871 -· 87170111. XXXI

111111111111111111111. 11111111111111111111. 111.

²¹⁸- ,διοικιο-υοι...

ι, , , 1111. 1111. 1111111,

,,·, 11111111. , ,, , 11111111111111.
,, , 111-111111 111. 1111. 111
,, , 14111111111111. , ,, , 1111111111 1111,
,, , 1111. 11. 11. 114, 111. 111. 111.
,, , 1111. 11 11111. , ,, , 1111. 111, 111.
,, , 1111. 11. 111. ,, , 1111.11111111.,111,
,, , 111111111111. ,, , 1111. 11111111 [111.
., , 1111. 11. 111. ,, , 1111111111.
,, , 1111. 11111. ,, , 1111111111.
,, , 1111111. 111.
,, , 1111111111.
„„ammem
„„ „ 1111. 111. 111.
,, . 1111111111.
11111111. 11. ,, , 1111. 111 111.
,, , 111111. 111. ,, , 1111111111.
. . , antummum ‚ ,, , 1111111111.
111. 111. 1111111. , ,, , 1111111111.

818. 717. 787. vlu. 8.

2 ῃ 2 1⁶⁶⁸· 1116991
,, , 11111111111111111,
. 888, 1111111111.

,, , 1111. 11. 111, 111. 1171111118717171777871771711177111111

, , , 1871. 1. 818. 111 187. 80 monn 111118.
11. 111. 1111. 11.· [111. 11. 11).

,, ,, , 1888. Π. 888. ,, ,1111111 81. 811.

2 ς ῃ 18901 1. 816· Π. ⁸2⁰, Ε877Ρ77 qum. m. 42⁷· VI· 1⁹⁸, 8971
888, 874, 888, 488, ,, 111 111. 487, 448. -
448.1Π.888,787.87Π. ,, 1111111111. 888, 880.

, , ,, 1888718817. [14. 8111181111 8111111111(18711111111)171.84. 87.

, , , 188817. 888. 48, 88, 8811.

, ,, , 1888. 1. 48, 888, 898, , , 1118181. 888.

40811. ΙΙ. 7888, 318, ,, , num 1111188111. 117. ΠΙ. 488.
880, 888, 888, 888, 87. 88, 8811, 888, 888, 818,
111. 111 111, 111. 111, 141, 141, 11111, 111.
87. 8181, 888. 8717. 1 ,, quomodo inveniatur 87. 888.

,, ,, ,, 1888. 11111, 888. [18. ,, 811111181111111111, 1111111111 818881,

, , ,, 1800. L 88. 111, 188, , 1111181111 8188811. -[888.
184, 848, 888, 881, , 7111118111Π. 487. 87. 488.

48811. 111. 887, 787. ,, 11111111111711 111411.

,, , 1111. 1411111111, , 1111111111.

888, 808, 818, 888, ,, nomen 81. 1881487, 841.
88881888, 888, 787. , 117181. 80, 188, 818, 888.
811848. 111111 , 11111111111811181. 841.

,, ,, ,, 1808. 77. 888, 818. , 11111111 1111111181 vl. 881, 888. “

,, , , 1808. 141111. 10811, 811118111711111711. 814.

· 888, 888 1., 487, 488, 81111811 1111 1181811187111111111111111 7411-
888,888.Π7888, 888, 81 117. 81411.
78811, 787. l'V. 88, 111111111111. 800.
111. 11 111, 111. 1171111 omnm 1111. 11111-111. ·
817. 488, 488. 8777. ,, 18 typum 1111811 78. 188.
18, 84, 848. , 11111111, qun 11111 1111111, 1111111181

, , , 81711171818174181- 11. 111.

7741170 7888. ,, eur 11111171811 lv. 878.
m. 788-748. 71811111, 1111111111 molat-diem· vn. 488.

,, , , 111111111. 88111171.78111111181.848.

,, ,, ,, 1111111111. 1111111111 1.]1111 1181111171 8. 88.

2 n η 1⁶1². n. 476. 7841 vl. Effflfflssg· pm· lv. ⁶⁴8·

80, 87. 811 48711. haoldus 8771. 880.

,, , , 1818818187784881. 1111111111,11111111111111111111.111181

vm. 18. 8111187111811111111111111108. 8111778.

, ,, ,1111.111111ι.,111. 1111111111. 111.

, , , 1111141111111111. 81181808118111111111 8111111871 11111811
, ,, ,, mmmmm 11807.Π.881.8Π.71.

088

 

