8111111111 -·- 111111.

mmet 111-1111111111
11 1111 88.

1111118 (1111118), 1111111. 111111. 811. 1801.

1111111111 Ι. 800.

11111111. 181, 880, 880. 81. 888, 884.

111111 1111111111 in 1111111111 811. 788.

letor, v. [111111. motor.

1111111111 1111111111 Ι. 800. 111. 11811, 800 11.,
818.8.88011.81.88811.,81111.,81811.

111111111 111111 v. 111111.

111111 11 Europe 11. 780.

01111111 811111, 11811111 liepieti 111111111-
111 11. 8001.

· 111111

1111111111. 81. 180.

1111111111 111, 1711. 81. 188, 118, 888, 840,

1111111111 81. 118. [818.

11111111111111 81181111 811. 881, 878, 888.

11 111111111111111. 178.

perpetem quibu· 1111111181111111 11. 18111,

1111111181. 18811, 811188.

diurni viei 11111 11111111 811, 881.

811111 initorum 811. 888.

1111111111 11111118 81. 18811.

1111111111 81. 800, 808.

,, 8111181. 888.

in letum principie 81. 888.

111111111 81. 818,818.

1111111111111. 111.

1111111 epheeeee 1. 801.

perpetuet 1. 807. 11111111 177.

, ,, 111 11111111 118111 11111111. 880.

18111111 11. 187, 878. 111. 888.
1111111111181111. 181. 81. 188, 18811, 818.
1111110111 11181111 1111 1111111111
propriae 81. 180, 808.
Ι,1111111 11811111 superficie 11. 878. 81. 170,
- supin, 11111 111111111111111,1111111111
Ten-ee 11111 111. 887. 81. 888, 8881.
simplex, pmtenieie 1181111 quid 111. 118.
111111 1111111111 1111811111 1111 eompe-
1111 81. 87811.

[111.

11181111 11 111111111 arguit 11111 ie 11181
1111111Ἦῇ1111111811111111 11811111 811.

Teme ν. 'ferree 11111. [880.
trepidationis 1. 111, 188. 111. 881, 808.
81. 100, 810.
1111111111 1181811111811. 888.
111111111111. 188, 81. 184, 178, 878.
181111 tiene pee 1111 1118111111. 8881.
1111111
11111111111111. 1881. 81. 888.
1111111111 111111 18111111 111. 108, 8181.
81. 1111, 887, 8781, 888, 818.
,, uniente· perpetue 11. 804.
,, 111 11111 8111111111 11 8111811111-
ueterum 11111111111. 188, 888.
111. 118. 81111. 81. 818.

·‘ οο’111111111 „m
‚ .

111111

exempla 11 81111181. 888.

8111, 111181. 8081, 880, 818.

hermenia 11 eoep. 11111, deductae 8. 81.

molendinorum 111 1111111111. 111181.

prineipie duo 81, 8881. [880.

Mutuum epeeiee 111. 111. 81. 888.

1101111, 1111111, v. Regiompntenue.

810111111118, 1111111111111111111, poethee
methemtieue electoris 8111811811-
piei 1. 888. 811. 148. 8111. 180, 741,

88, 7101.
, 11111, prior 1111111 nubae· 18111111
8111. 880, 801.

1181111, 81111, proi. Tubing. de 8111 1. 8,
11, 81, 188. 11. 880. meet 81. 888.
mmmm

„ 11111111111180111111, 11. (tepentem
1. 10. 11. 818. 8111. 888.

, ,1411111(011111111) 0111111111 11111
1111111111 11. 118.

,, Philippus, proi. 8111. Π. 481. 111. Μ.
’81.88. 8111. 080.

-, ,1181111111 8111118111,111111111-
1111 111. 811. 880.

, ,, de comete 1. 1818. 811. 8811,

108, 1881.
,, , ,0181111111111111111118118

,, ,, , Kffipsspst 11 1111111118. 88.

titillet-ie, 8118. 1 1111811111. liepieri 1111.
1181111111, 81111111111111 80, 180.
, 18. spineum 88118111 11111. 8. 80.
1111811111111 eui-tete 811, 808.
1111811 1111111111. 8111111.
,, 11111111 1111111111 81. 811, 818, 880.
, 1111111 11111111111811111181 11. 810.
, 111111111111111 1. 11, 108, 1881. 11. 181.
81. 140,188, 810, 884.
,, 1111111111 81. 188.
1111111 11111 11. 810. 8. 81, 88111.
8181οσ11111, 8111. 1008.
, 1111111 81. 801. 811. 184 11.
, nentrum 81. 10011. ,
,, 1111111111 111 1111111 11. 801, 818.
,, eorpore 11111 ee 1111111111 11. 801.
81. 88811.
,, 11111111. 181, 11111111. 188 t·
, 1111111111 tempus 81111111 11111181
‚ divonem 81. 888. 811. 184.
,, 111111111111111111 11. 801, 701.

,, 811111. 188. 11. 181. 81. 140.

mmmmmwww

, 18118111111111. 800, 88711.

,, initium et 8111 Ι. 184. 811. 188 11.

,, muniendo 1. 88. 11. 878, 878. 81. 8881.
, perite praecipato 81. 81011.

, putten proportio 81, 8811.

, [1111111111. 181. 11. 8781. 81. 810.

,, poli 81. 100, 818.

 

