Koplerl epistolae. - 011111111111111111111. LVII

KopIerI epistolae d Imm 11 11811611.
81111111, 711111 Sept. 1606. (111111) 111. 6. 8111111111111. 111. 1608. 11. 668. 7111766.
, 8111111111. 1608111 668. 7111 766.
,, 71111111 1111. 1608. 11. 668. III. 6.
7111. 766. ,
8161181101111111 (1. l. 11 11.) 1606.
’ 8111111111, ’1116111116111 1608. 111. 618.
0111111111, pragae 1. 6. 1607. 17. 37611. 0111111111, 1. 1, [Lim] 1111. 1607. 17. 87411.
, 711111 Sept. 1607.17. 888. ,, Aug. 1607. 17. 888.
, ,, 1111. 1607. 17. 8881, 403117. ,·, Sept. 1607. IV. 883.
, ,, Iun. 1608. 17. 38611.. 404. ,, 1. 11. 1807.17. 38611, 4041.
, , 1111. 1608. IV. 88811, 407. , Febr. 1608. IV. 88111, 404, 407.
, ,, 1. 11. 17. 40111, 408. ,, 1111608. IV. 11111, 408.
, ,011 1610. 17. 41811. ,, 011. 1610. IV. 416.
, 1111111711. 1614. 17. 178. 870. , Oct, 1618. IV. 178, 870, 617.
cameram 11111111, 1. 1. 1111111. III. 81. 11 01111111. 111. 1606. III. 7861.
711111. 1684. 7111. 880. 0611111111111, 11110116. Apr. 1604. 11. 488.
0111111111, 1. 1., 1. 1. 1666. VIII. 7731. VIII. 760.
01111111111111 01111111, 1.1. [16887] 011111
11. 114 s. [111.
0111011811 11111111, 0111. Aug. 1684. VIII.
Consilium 1111111111. 8111111111, 0111611.
1687. VIII. 680.
0111111811111111111111.1611710161. 0111111111. stuttg. sept. 1618. 11111111.
0101111111, Linon 11111. 1616. 11. 4001. 01611111011111111.1608. (duent). VIII. 780.
, 7183. ,, 1111116167183.
,, 1111118111. 1616. 71. 84. (V. 687.) ¹ „ Sept. 1616. 71. 84. 7111. 881.
,, ,1111111618 7186. ,, 111. 1616. VI. 84. 7. 687.
, ,, Iul. 1688. 7188. (11. 888.) , 111116187186.
711.141.,8611. ,, 11111. 1688. 71. 88. 711. 14 (860).
, , 181188. Febr. 1684. 71. 88, 881. ,, Sept 1688. 71. 88116). 711. 16 (860).
IV. 173. I. 66911, 711. 161. , 6111684. 71. 16, 8811. 7111818601.
, ,81111168471871111661111. (1. 668.)
618, 461, 600.) 711. 18.) , Apr. 1686.((1111111171. 48. VII. 18.
, 7111111011. 1684. VI. 48.
, 111111 1111. 1686. 71. 48. 711.18,166. .
01111111. Omna perierunt 0111111,111111111,716. 6111. 1686. 7111. 688.
,, , , , Apr. 1687. 7111. 688.
,, Florianus, Argunt. 011. 1816. VIII. 887.
, 711. 1617. VI. 78.
, 11111. 1617. I. 6601 (71. 80.)
,Μ1]. 1617. 71. 80, 81.
,, 011111611311. 711. 11 Febr. 1618. 71. 78.
, , 011. 1618. 7. 6811. (VI. 78.)
. , 0111111. 1111. 1681. VI. 73.
Curetum. omna perierunt, 01111111,171111111111111 1687. 71. 688,
· ,, ,01011111168171681 71118071.
- 011111111111111. 0161. 1681. 711. 468.
01111οὰ1111 (111111) III. 84. 6111111111111111,6111111111111111.
0111111111, 7111118111. 1601171141. 0111111111, 1111111111. Sept. 1607. IV. 440.
, 1111111011. 1607. IV. 44811. , 0111111111 011. 1607. IV. 44111.
, „Nom 1101114191.. · , ,1111.11011.1607.17.46811.
κ ’ ,1111111111 1111111111.
, 71111118111. 161417, 686.
0111111611111, 111.,1111 11011. 1608.
,, JuI. 11011. 1604. 11. 416. V. 688.
,, Febr. 1606. 7. 888.
0111111111, 1. I. 111. 711. 8.
malorum, Pus. 811. 1608. 11. 881. 1111611111, 0611. 1411. 1601111. 8,
0111111111, 71111. Sept 1616. VIII. 844.

 

