Kepleri epistolae. - 1161116111 11 1116111661. LVII

[1111111111461116 14 ι umbe 14 115pr
81611661, 811111 sept. 1608. (111611) 111. 6. 61611611611611661. 11. 668. 7111. 766.
,, 2111111463. 1606.]11 6667111. 766.
„mmmmwffiwm
VIII. 766.
1161166111 1 86116111 (1. 1. 11 d.) 1606.

’ numerus, 8111166111 Jul. 1608. 111. 618.
0116111661, praga· 1. d. 1607. 17. 87611. 4111111161, 1. 1. [0161] 111). 160717. 87411. .

,, 211111 Sept. 160717, 882. · ,, Aug. 1607.17. 682.
,,Μ6πηωῃω1 mmmmmffi
‚, ,, 116. 1608. 17. 88611, 404. ,, 1. d. 1607.17. 88611, 4041.
„mmmmem stmmstwmmm
, ,, 1. d. 17. 40111, 408. ,, 1111608. 17. 40111, 408.
,, „Oet 1610. 111. 41811. . ,,Ι)11.1610.Ι7.416.
,, 11661116. 1614. IV. 172. 270. ,, 0111111. lv, 172, 270, 617.
cameram aulicam, 1. 1..161.1608.11181. 11 01111161, Jul. 1606. 111. 7261.
71166. 1624. 7111. 888. 011111616661,11616116. 161. 1604. 11. 486.
0611616611. 1., 6. 1. 1606. 7111. 1781. 7111. 760.
0616161111061 01111111, 1. 1. [16287] Ulmo
uma [m
066ιί661161 1611161, 0111. Aug. 1684, 7111.
6661111616 1161111111. 0111111111, 0111716.
1687. VIII. 680. ’
0661111.8111111111116116116127111868. consister. 816111. Sept. 1612. 7111. 8681.
0111311616,1.16611 11111. 1616. 11. 4001. crugero· 01111111 ι. 1608. (111110.7111.780.
71. 28. ,, 11111. 1610. 71. 28.
’,Μωωωηημωγ mwmuumwn
,, ,1111111111111 ,, Apr. 1616. VI. 24. V. 627.
,, ,, Jul. 1628. 71. 28, (11. 828.) ,461 1616. 71. 26.
711. 141, 2611. ,, 161. 1628.. 71. 28. 711. 14 (260).
, , 116111611111. 1111, 111 ,, Sept. 1111. v1. 11 (11). vu. 11 (166).
17. 176. 1. 66811. ,vlL 161. ,, 1611624. v1. 15, 6611. Vll. 18 (860).
,, ,, Sept. 1624. 71. 8711. (1. 661. 111. (1. 662.)
618, 461, 600.) 711. 18.) ,, 1161. 1626.. (1111661) 71. 48. 7Π. 18.
,, 7166611016. 1624. VI. 48.
., 6111111 11111626. v1. 48. 11111161. 1 .
01611611. 016611 perierunt. 0161161, 1111111161, 166. Iun. 1686. 7111. 698.
3 8161116411,111661Αο6176666.ᾙ771.666.
mmmmm
„ 11111. 1617. Ι. 6601 (71. 20.)
,1111 1617. 71. 20, 21. “
,, Β11116611311. 716. 11 Febr. 1618. 71. 72.
, ., Oet. 1618. 7. 6811. (VI. 78.)
, . ,0161111111116217178
curtium, 0an perurunt. 01111101, wimmteigao 1627. 71688.
· „ ,01016316162771667 71118071.
- 0111161, lngolst. 1161. 1621. 711. 462.
0111660166] (61111) 111. 24. 6111616161,111111.61111111111116161.
Dockerlum, Ρ1111681ρ1. 1607. 171441. 1166111101,Μ61611. Sept. 1607. IV. 440.
,, 11111166 1607. 17. 44811. ,, 016166611 Oct. 1607.17.44111.
,, ,1161.1608.17.46811. · ¹, ,1161110111607 1746811.
⁸ ' ,, 0111116111). 1614. lv. 6221.
,, 71161111 Sept. 161117. 688.
Β111116611116, Ι.. 8.,8164 11061. 1606.
, 161 11011. 1661. 11. 111. 1111.
,, Febr. 1606. 7. 688.
1161111161, 1. 1. 11 1. 711. 8.
11ίώ1611161, 1111111. 1608. 11. 881. 1116111161, 0611. 11). 1601. 111. 8,
811611116171166. 8164 16167111. 844.

 

