'oo

xvi

811111 instrumentorum 1111 1118111111111 ’

computatio 11. 28511111. 305.

'n instrumentorum divisio 11111. 848.

,, 1111111111. 225.

. ,, 1118111. 113. 11. 51494. ΙΠ. 138,
149. 111. 1111911114. vni. 43.

,, longitudo suni 1181111 11111. 282.

, 111111 15111111. 370. 11 81,, 14, 398.
111. 18, 33,45, 47, 183, 54411,
558. 11. 30. Vi. 14, 57, 384,
388, 4741, 589, 584, 893.
111225. s
locos prope soros 11. 474.

,, 11111111 liepisro 1111111111 Ῑ. 370.
11. 714. ,111. 543 11., tos-717.
111. 82, 475.
,, manuscripts 1. 191, 870. 11. 127. 758.
vi. 8151. 111. 215, 229.
, ,, 811111118111111111119111. 715.
,, 1111111 1811111111. 312. 458.
,, 11111111. 181225. 11111. 138, 742.
,, 111111. 278. 11111. 848.
·, 1111111111111 Vi. 488, 47211. Vll.

- ,, 15111111811111111285. 1111111..

, ,, digitos eolipt. 11348.
, , 111111111111111. 357.
,, ,, ,, tempore ll. 858.
, , 11111 locum 11. 859.
’ ,, ,, Solis 8111111111 por
1111111 11. 344.

111 observando subtilitss stilles, qus·
ios 1. 47,190, 191194. 11. 5, 288,
324,342,494,520,785.11150,83,87,
104, 218, 258. 111. 120. Vll. 20311,
214, 225, 231. 238, 277, 305.

observationes soronyohiorum planetu·

sum 1. 43.

,, aequinoctiorum ll. 219. ,

,, antiquiores iil. 558, 5801.

, 1111111111. 1577. Vll. pess.

, „ ,1581 11788.

1111259.

,, ,, ,1590111221

„ Cygni constellationis 11. 78811.

,, 111111111111111 verus produnt
1. 189. v1. 54.

,, oolipsinsu 11. 303, 318, 348,
883. 111. poss.

, fixorum 11. 78511, 834111.
840. v11. 450.

, com Hipparchi observetionibus
computatos IV. 23.

,, liepisrus 1811811 suscepit 1.
191. v1. 38, 50, 57, 84,
81511.

,, Lunae ll. 288, 809, 322, 347. ’

349, 358. 111. 47. 111384,
138, 477, 479.

“ ,, 11111111.43,192. 11. 338. ΠΙ.
72, 81, 211, 217 11., 22511,

Breues. Ι

235 11., 24811, 25311,
27011, 28811.. 829, 497.
Vl. 458.
nouo observetiooss lisseurii 1. 47. 11, 755.
, ,, 1111118111.43,ι9ο,370.
’ 115, 127, 324. vl. 815.
,, ,, perpenses 11, 349, 358, 387,
873, 379, 384, 3921.
,, ,, ciros retractiones 11. 203, 203,
2131.. 223. 225, 403. ·
,,· ,, 8111111143, 352.
,, ,,, 81111 i. 58. 11. 203, 3421,
435. 111. 483.
, 111111111111 1572. 11570.
,, ,, polaris 111. vl. 333.
,, Veneris 1. 340. 11. 2921, 419.
81 obseoostionibos suls 118111117111.
observationum editio 1111111111 coelest.
, 181111 promisso 1. 225. 11112281.
, protoooiiom 1192. 11. 127,785,
83471815. ,
,, opera 1. 1901, 11150. vni. 811 1.
„ 8118181111. 191, 198, 2231,
243. 279, 288. 11. 178 111.
288, 485, 584. iV. 111. Vi.
24, 84, 540. Vll. 225. Vlil.
842. Epistolsrnmtosn. 11111
editus 971225.
,, 1111111111 eoelestis 1. 111, 111.
1129, 291, 409, 4101, 435,
438111. iil. 93, 488, 497.
. 1111111111 1. 111, 111, 111.
11. 127, 285. 1112118485. ,
Vi. 121, 278. 815. 911. 225,
305, 703. Viii. 848.

’ „ „ 11111111111111. 194.

‚‚ 71111111111111. 191. lio
linsss. 11474, 511. 521Ι
52411, 529. 542, 589. 802 ss.
1111. 145. 157. viil. 841.
quondo 111111111171. 588.
vll. 192. 225.
,, Ρ1111111. sppondix 1 liepieso
188111 1. 191. 11. 288, 418.
lii. 297, 493, 893. Vl. 433,
588 ss.
„ ,, 11118111111111111701.
,, ,, 21111111. 111111111111111111
vu. 111, 111. 111.
,, ,, 0111111111111572. 1191.
111588. 11111. 5111.
,, opos Vlll. 43,,
, 11111111111111 reirsctionuns osloulus
11. 225, 328. “

,, ,1111111111 225, 380, 434. ·

, poemate 111. 141, 453. ι.

, principium 1111111181 in soliptios 111.

,, protiosissimo. -1524,

,, 118111111111 nbula ll. 180, 200 11.,
4081. vl 150, 154, 540. [444.

,, solarium 811111171190111111.

 

