Kspisros.

IIs 616666
66666166 6616616666-116616 81661661 661-

1161666661266
ἶ. 6666186661 66616616666166,3716166866.
66166161111116666111161 611161 16 6666.. 6161116
661161666166466166661666166661 quameunque
ritumqffiurlsssg'e. 6666616661, .
pirminium thooritm 666611161116 06666616 66-
616617. 66. 711. 146.
66 politicis 66666 11606, 616. 721, 760 66.
711. 16666. 7111. 66666, 646.
,, 1666161666686661666666 61-
1666116171. 6646. Ι896.

ii 71

11116616π 66 ΒΕ6611Ἐ6Μ61Ξ6161661 {³31 VR}
708, 61616661661166,6666166 6066-
6616, 61600. 1. 646. 101. 7111.

716 ss.. 764 66.
,, 66666161166616 6 0666666, 6. 1617.
71. 20. VIII. 647.
111666 moratur 66 s. 1600-1612. Ι. 64,
71. 11. 4. 14,100. 111. st.
, 61166. 1627-166. 1628. 711. 6476.
,, 666116116 6661666 0666666616 IV. 118.
,, ,, ,, ,1661611686616111711111
,, 61166161 66 astrologis 1. 627 6.
,, 66661661 6616616666. 1607. VII. 66.
, ,, 86116 dismotrum VIII. 18.
111666 61666611 66 6661666 6. 1606. 11. 666.
‚, „ LincIum porgens, 6. 1612. 11. 672.
17. 67166.
,, ,86666666 porgens, 6. 1666661161.
6. 1628. 711. 646 s. [6061.

“· 66 6116616661 61 theologorum erroribus 11.

6166611666 praedicit 1. tlt.
Proosribus Austriss sopor. 161611 66 66611-
61666167666666166666616
geogr. 16616. 666. 71. 66661.
’ , ,1161166166 6616. 1166661161
71. 6671.
cum 11116 6661661166 66 16666116 666 11661666
Prognostica s. Csisndsrls 6666 61 666666
6611666611 1. 71, 261, tos.
61 661 1161 1. 226, 410.
,, 66166616666 desierit I. 262, 616. 11. 108.
66 Prognostioo 666 6. 1618. 1. 668, 660 6.
Ρ161666661 1166666616 61611666 166681666166666
suum dicit 111. 618.
2616666611 6666 Phil. 11666166 166661. 661·-
16166 611. 6.1616.061.1627.
VII 616.
61161 66666116 86116 66666661 711. 681.
66 8661616166 respondet 111. 166
8111166666 66166161 ,6. 1616, 66 1166611166
0666666 vocotus 61161666-
oulss 86116 6666666111. 110,
400. 17.1,6, 124, 618.
711. 164.

6111

116116666666616616156.1617666616616611616 y
. 6116166616 11. 101.
,, ,, 6 16201616111616 66 11666-
16166171. 28.
,, ,, ,, 1621. 71. 668. VII. 160,
626. VIII. 8786.
,, . ,, 1666111. 661, sss.
„ „ 1626. 71. 610. 711616,
1666111616 161 6611666666.
,, ,, ,, 6. 26. Nor. 16 20. Dos.
1627, 11166 Prsgom rt·
vortsns, stibi 166666116-
1166616 66 ’1666611666
scribit 711.682,647.681.
s ,, ,, 1628. 661666111666 8666-
6666 traducendam VII. 682.
,, 66111 616 6116. Nos, 1060. 7111. 221.
8666661666 sororem visitat 1627. 71. 666.
8661666166 6666161 66 profess. matheseos
ds 86666 06666 6661611 7111. 12466.. 712 ss.
686616 06666 66616666 6. 1612. 17. 617.
71. 19. VIII. 807, 86666.
86666666 616661661161, 66666. 666676666611
66666 VI. st, 624.
1616666666166 sb 6.1628-1660.
VII. 626, 682, 616.
661661661 6 6616611 8116611166 6116666616 stu·
6616. 16116. 17. 6206. 7111. 6016.
66 Jos. Sssiigsri rationo ssribsodi VI. 769.
8616161 montom 16 816116 66666616 61601.
6666666666 rotunditatis 'I'srrss 66666
1. 621. II. 287.
8661616166 6616611 11661166 chronolog. 66-
166666616 6611116711 141 s. ,
66 666616 [16616661 VI. 19.
1666116166661 6166616166 versatissimus V. 5.
⁴„ S. 8611616166 multum 66616161 1. 687.
IV. 66 61.
66 8. 8611616666 16616 666166 motum ’166166
1. 661. 11. 476. 111. 166.
861661611 1611666616 661. 1) 66616616661.
6. 1612111. 608. 7111. 807.
septimsstris 661166 17. 116. 7111. stt.
66 81111 11666 666166 (1611166666 7111. 710.
861166 6661661616. 6. 28. in 81. Ost. 1627.
811166 (1. 6. 81616). 1616166 6. 1616.
7111. 866.
66 6166116 6616 Π. 41. VII. 166. VIII. 706.
,, ,, ,, 6666 ’1666616666 111. 210.
studiorum 6611666616 6666111666161661116161·
66666 71. 87 6.
Stuttgsrtlsm 66611 066116 6. 1666. 1. 24.
,, ,, 21166 tt 1606. VIII. 762.
stuttgart„ 66666166 71. 22. 161616 66661661
66116616 J) 1. 1166. 6. 1620. 111. 626.
71. 18. VIII. 6.
,, 1666161616. 1621. 711. 626.
161666 86116616 astron. 066666. 66661611
16 816116, 1. 01611616. [71. 668.

 

