Come - 6611111661.

, xxm

061111 11111111 7777. 116.
61161111. 461 e: 611. 771. 188.

Ρ166611611 66116111 711. 8-11. 161616.
· 7114611, 10711, 117.
,, 1871 16116611114171116,111. 66166611ρὶ1 1116111 11611, 676. 7Π.
, ·11116661111.11.786.7111117111864. 61, 610.
, 6111116161 Π. 116, 781. 711114. 66611116, quld 1. 616, 641, 611. 11166,
7111804. 616, 686, 704. 7161, 114, 147.

, e. 18 e. Ohr. 17. 416. 771. 77.

, e. 66 p. ch. 711. 88, 110.

, 66116111 e. 61711. 66, 110, 817.

, -Μ1116616111 1. 664. 711. 114. 7111. 804.
,’1.687.11704.

, ,861, 11. 616.

, 116611 XI. 11116, 416.

, e. 1166. Π. 411.

, ,1466Ι 711. 161.

, ,1461 Π. 818. 711. 161.

, Reglomentenl e. 1471. 11. 616, 818.

711. 1411, 104, 161, 167, 160,
1671, 176.

, 113166661611166161161167111411,
187,-146, 161 1.

, 1. 1476. 611111 11. 616, 811. 77114,
ewam

, , 1477. 711. 161, 168.

, ,1461 711. 166.

,, ,, 1681. 711. 114.

, ,1661 7111111141.

,, ,16681 771. 114. ’

“, , 1666. Ι. 617 11,, 668. 711171, 84,
111, 111, 161, 166. 7111. 606.

, , 1661711. 1117111606.

,, ,, 1661. vn. 64, 111, 114, 161.

, , 1677. 110, 114, 111, 168, 614,

· 666. 11. 114, 106, 681, 686. 71.

6η666ω1ω6·

111116, 118, 171. 7111 6411.
,,161ωψ16ῃ61ω,
· 11. 114, 704, 711. 1661. vlu. 646.
, ,1661 711. 1141. ·
„fflmnmemme
mmmmmme
„ , 1660. 1. 486. 7Π. 114,116,161,167.
, ,1661711111
,,Μψωωωωῌη
711. 88, 1141.
, ,1611 1. 118, 801. ,
, , 1607. 1481610111. 80, 618, 606,
606. V. 66711. 811, 16-41,
611, 1111, 186.
comem 1661 1618. I. 116, 486, 466. 7Π.
611, 76,166, 161, 166, 471.
, cometae 1116163611 7Π. 61, 171.
,, , , cende lenge ultre 70ο
711. 841.
0661111661 1616. 711. 667.
, 1161111616111. 811.
16117111166616111617161 ceneten
1161111111 1607. 1608. 711. 16-41.
Sere impl-enum l. 610. 11616. 676.
le stiffi& llbeffl lm 1010.

Vll. 16 11,, 1061.

“ , 61111116 1. 610, 666. 11601. 17.146.

vn. 76, 181, 166.
, 6611111116116111618.
, 6611611611117, 704. 711. 111.
, quomodo 6611111111 711. 166, 176.
, 666111 661111616 1661116111666.
, 0611116161 hypothesin 61161111 vn. 166.
, en dellegrehlll. 117.
, declinationis cenea 11. 11611.
, 6111116111 aethere Il. 166, 616. ·
, 17111111 1111661611 11. 167, 411. 71. 66.
, quomodo evanescant 11. 116, 616. 711.
, num 6161161171117,111.

, 6161616161186111. 841711 11110. , ,

, plerique eupre 161161 71616,711.
, 71111106.

, 6616116166111611111611111116611.616.
, 16611116161611111. 167.

, 6111116161 ll. 166, 616. 717. 16, 1101.

, num peelllenlee, 1111111117, 111. ·

„ Plinll lmmobllee IL 611.

,, num redeant 11. 666.

,. num e Solle meeulle orientur 11. 4¹16.v
„ 66111 116111 dealbentur 711118.

,, num 1671111111 incurrent 771. 11111.
, 6661661661 11. 661, 780.

cometarum 616616 l. 816, 861, 610. 11. 1161,

661,616,666,704.71148. ,
711. 161., 76 ee. ,110, 186,
161, 161, 174. 7111. 606.
, , 161661616161 71116, 110,
7171176.
, 661611. 816. 11. 116.
, (lonella, melerle 1. 610. 11161, 166,
616. 7Π. 17, 111.
, 661166117111111677.7Π.161.,16011.
, figurae 1111111610. 11. 704.
:ffiffissssee
, metue l. 111, 166, 614, 616, 666.
11. 686, 676, 686, 666. 111.
18. 71. 611. 711. 11, 16,
. 10611, 110, 1681.,161.
, ,, appetem perperelluln tortuo-
1617711741.
,, ,, 1161111711. 174. A
„ , prebent, 6161116661116661111
eolldem 11. 677. 71. 146, 811.
711 106 ·
, , 116161611111166161111711116
116111.
„ , 1611611111 771168.1
, 6611161 1111111 616, 704. .

 

