m .

3333333 133331333333 33. 333, 333.

,, , 13333333 333133331311813.

, , 3 Pythagoran 3313333 1. 830.
111. 183. 11. 183.

,, ,, 3333 8. Scriptum 3333111311 1.
10, 118, 308. 11. 333, 111.
138 33. 11. 184.

,, , 33333 3333313 11. 3803.

,, , theologis 31113 3333313, 3111313·
333131. 31, 303. 11. 418. 111.

,, ,31313333333133311441 [133.

,, ,, vulgo 13333331. 303, 318. 1.
11311310.

, 3333 do 83331311331333 orbium 3331331.

“ 1. 8, 31 313. 1111. 33031.

,, ,, 131113 333 prohibitum 1. 31.

,, 33313 333333, 3313111. 131. 1111. 388.

,, 1333133 11. 330, 383. 11. 0383.

033313 1331333133 3333 31 31313113 11.·

033133313, 3. 133.

, 333313. 831.
03333 33133 11. 48, 313.. 1411. 438.

,, 333 8313 3333333113 11. 313.
0333313313 3. Oculi 1331333.
0333311333. Gemma
033333. 33111 188. 11. 138 3.

,, 333133311333333 33 3331331. 101.

, 131331333333 31 13333 positum 333333

quiescat 111148.
03333313 333 33133 3333333113 1.88,101.

, 33133 111. 118. ’

,, nutritio 11. Ι8110.

0333333 13333333331. 181. 1. 188 33, 11.
381. 111. 118. viu. 1113.

,, 3313333313 313. 11. 338. 1. 380. 33333.

,, 33313 31333131111. 11833.

,, 3333313313111.181.

,, 3331113313 Ι. 1133.,184, 101. 1. 88,

180, 810 33. 11. 818 33.
13 8 3133333 3131313313 1. 181.
11. 818.
, ,, ,, 3333113133 mundi 3 03331333
333333131. 106. 11. 301.
,, , 1333111113 Elementorum 1131311.
881. 1. 88.
,, 3333 3133313333 3331333 333-
333313 Ι. 1133, 183. V.
· 181, 814 33, 301, 300. 11.
31, 3813.

[333.

n 11

03333313· -·

01111111

0333333133, 13333331133133, 133133 11331331
I. 83811. 388, 811. 111131111.
181,181, 138.

0331333 3033113333 333 sinu 33331. 3333-
3313311. 331.

cosmographia 3. 03333, 1313333 313.

03313, 3133313.

03333133 3. 1133331113.

0333133333 111. 313.

0333131331 3333. 13313 11. 3313.

03311133, consul 11133333. 1. 33. VI. 338.

0331311331. 838, 813, 331.

,, 3113131333113313131.8183.,
canor, 13 11333113 1881.

, , ’13333313 hypothesi 1. 884 33.
crameriam 33333 3, 11331331 1333113113.
03333333, legat. 83333. 11. 814.

03313333 3331133 11. 313. ,

03313 333133 3313133331. 330, 310.

033333, 3311111. 383.

033311331313333 11. 334.

0333333313113333133133 133, pompatior
13333311 13 wart) 1811311111 1313333-
3313133 describit 1. 8.

03311133 1. 1813.

0333330331331 33333 11331331 133133 11. 88,
388. 1111. 811, 888.

0333333313 11. 30, 801. 11. 134.
0333333313333 31111333 31 333333 11. 148,
333, 218, 333. vi. 3313.

, 33133331800.

,, inquisitio 11. 8383.

, 3331313133 11. 133, 830, 8833. ’
0333113133 do 313113 anni 1301. 11. 3183, 310.
031331 33333133 11. 334.
031333333133333 1. 608. 11. 480.

03111333 333313, 3. 3133313.

0333333 VIII. 18.

erogem 3131133313 August. 11. 348. 1. 48 3.,
31. 11. 80 33., 341. 1111. w.

03313333, 333. 31 mathomum: 11333331
1. 838 s. 11. 31.

, 33 3333113111. 18 33, 830, 831.

, 0313333131 1333113313 333 33311111

,, do eclipsim 1133331311. 31.

,, ,, 11331331313311. 881. 11. 84, 88.

,, ,, ,1333113313111388

, , 3Ρ33313 3333133 appellantur , ,, ,, 33333333331318.1.838,388.

11188. 1. 180. (11. 318.)
, 3113333133 1. 188 3. 11. 881. 111. 118.
1331311333 33331313 11. 303.
11. 31, 381.
,, 331311333 3331133333 3331333. 331311.
31311. 383.
03333333 3333313133 3333333133 1. 3313.
, 3333313 11. 140, 318.
,, 3333133333331. 108, 184, 180. 11.
881. 1111. 111.
,, ,, 3331111331. 183. [381.
, ,, 313331333333331131.33.,11.

11 11

,,., ,, 8133333313131.381.

,, 113333 mathematicos 13 83333313, 333
331 11311 1. 381.

,, 33133311331331333333 11. 84.

, , Longomoutmo 11. 31.

, ,, 3133131 333333 3331133 11. 48.

,, ,, 1133311311. 118. 11. 88, 38, 81.

, pedis 031333313133311331333 11331333
33331311. 331.

,, Ptolemaiou 3333.333331333133 13 33
33333311 neque 3333 3333311111 11. 31.

,, 13813333311. 13.

 

