LXXXVIII

71111155

77111155-7571.

7151515555

Alexandrino 51 contaginis 5151555551 prodit 55 515555 7111. 85.

1899 rel 1799 5111151571. 557.
5555751155 555 55515155 77. 898.
55 astronomis rstsribns 7111. 989.
1115555115 5551551155 55 cometis non 15151-
llgit 17. 585. 711. 105.
55 0511155155 ortn 71. 995.
, (lspsllss astronomis 1. 9715.
cardines colendorum 151555 ponii 71. 598.
55 555155551571. 54.
, 5515511517. 997, 877, 899, 704 s. 711. 191.
, Hipparcho II 788.
, Luns seilpssts 51 Solo 5155155571918.
, , 551511 51551511, 991.
, 55555 plrssrlons ll. 977, 984, 417.
, , 7555511555 55515 551515 11. 977.Ι

1151155151511 1555551555115 51555 iil. 68, 188.

55 5115 stollsrum 71988.
, pisostsrnm 515155 l. 971.
, Pythagoriis astronomia l. 949. 7. 895.
, sideribus 155155511555, so. tempestatis mn·
tstionom 77. 989. 7111. 898.
, 5515111115 71. 105, 598.
, 5151515 7551511155 positis 17. 157.
, 5157115 novis 11. 877, 899.
, 1155155511 51 7155511 astrologia 77. 811.
,, ’1551555555 regis isgstis 71, 915.
, Ι15515115 astronomi· 11. 819.
, vlrgins 7551511 771. 797.
Plinii 51515115551. 1. 511. 71. 918.
, 15555 55555155 5151155155 17. 977, 417.
71. 489. [875.
ΡΗ,115585551515511ιεῖ1511552121551515 158911.
5 51 mors
71511555 (7555555555577. 849, 845, 710, 818.
71515, oppidum 15751151155 551515155490,
858. 7. 985. 717. 199, 711.
Plutarchus
55 5511515 mortuorum 7111. 108.
,5555 511155 17. 98,155.
,05551155 pugno 55 Nsxos IV. 1855.
,5515Ἢ5. 11. 814, 8175, 898. 17. 955.
,5555555157 989.
, glorio Atheniensium ll. 99, 990.
,,115511515 551515 7171. 85.
,1555115 715551551551511. 501.
5551 55 1555115 4155155,01555155115 51
15555555151511515551555117111. 40.

55555 oorpus terrestre 51511 11. 978, 987, ι

990. 71. 881. VIII. 85.

Is 515155 15515 11151,8551515 iispisri
5511515155 7111. 15-118.

,551155 5151115115 11. 818. 7117. 109.

, ,171551555555 11. 99, 978.

, ,1555 propris 118005.

, „moeniis 5115511117. 987. 7777. 109.

55555 pelluciditstsm nogat 11 978, 811.

5555555155515 5515155115 17. 801.

, , 1111555151. rori

,51551555517555555155117.885, 788.
,75115155 L 950.

7155515551 in EpIro 71. 491.

55 providentis 7711. 84.

, purgatorio VIII 40,101.

, 1555κί555 7111. 88.

, 8515 Π. 970, 978. 7111. 85.

, 85715 5115515 nonnoso 71. 5115.

, spsouiis VIII. 87.

, 15555115 5151515 77. 811.

„nourry v. 151
iinon, 55551. 897. 7. 959, 488.
,5551111555 15 55515 torridis 11. 98.
,5551515155157718981555515).

7555155551 1151155115 71. 79.

7555511151 55115155 7. 905 ss.

751155 Koplsri laboribus non 5115555177. 78.

7511151551 15555 55 ortibus st oeensibus si-
551515 71. 989.

75155111, 11515 5571. 117. 7117. 848.

7511115155 formos enm proportionibus 5515·
psrstrs 7. 197 ss.

Polns 555551 55155115 55115 515115 insignitus
711. 880.

7511
5555555515511511555177498557119855,
751155 111 499. 71. 9145, 917. [917.
11. ‘l'¹'⁸⁸ 1717111 ¹¹¹ ⁴²⁹

now . .

, 4155551155 ll. 991.

,5155115 77. 558.

, 45155155 7155. 17. 50, 875.
,Δ51151Π. 108.

,8551555111 lll. 558.
,8555551355 111. 589.
,05511511 177. 558.
,0171515155 III. 589.
,015111 11. 10.

, 1155155155517. 50, 59.
,55151155 75175. 71. 555.
,5151155511 11. 818.

, ”Osnlponti 71. 88.

„ossone 11. 108.
,7515107188
, 715155149117. 59. 711. 54, 558.
77. 51, 990.
, 115115155ιί1 Ill. 577.
„Rhodi 11. 991.
„Romss 111. 447. 71. 88.
,75515555 11. 50, 875.
,0155155111 (11555555)11. 879 vion.
,7555115155 71. 88.
,7155555 71. 51. 711. 485, 808.
,77555555515111588
„Zomblrs 55155 11. 914.

1555155551,. q. latitudo 7551 71918.
„rrum 55115 71. 555.
, ,151155111571990115 445. 71990.
551555555551155711.4985.71, 591.

 

