00110000 - 1701010100

1101100000 snos 0000001100 71 091.

11000100 vox, 0010 (v. Plsosisrum loos) 71.
1100110100 v. 400100. , [041.
. Eratosthenes, 10 0001 10011000οο1. 80

, 10 0011011000 00110οΙ1010 71. 00, 00.

. 00, 90, 101, 009, 001, 009.

, ,, 1000000110011010.74171104.

0001001100ιί0 0001001100 dubis 11001000 71. 90.

,, descriptio 0000010010 7111. 009.

000100 1000001000 0001 01 0000011 V. 000, 009,
11011000, 0000100100011101001. 004, 000.

, 0001001 00000000101. 004, 000. Π. 400,
,0000101000 0101101ιο 101010 II. 400, 770.
,11001010 001001 1011001001 010111011. 070,
:Koplsri smsousosis VIII. 749, 704.
„Lousoi 001. (ploos. 1. ooo. ἰιι 000,

, 010110010000000100000111. 771. [700.

limozino, (10100100 001000ου0, 101100001000
10000οΙ0000 11001000 0011 7, 44.
, 10 ponderibus 01 mensotis 11001001 jo·
1101000 00111 7. 90, 01000. VIII.
701, 700.
, 0001001 111001010οι0 typis exsudandum
00101. 11. 479,
, 11001000 ouium 00110000 0001000101 II.
409, 408. VIII 707.
,, ,, solioum 011001 coris 011101011010.
. VIII. 789.
1101000 111010001001100 VII. 018.Ι
1100101100, 0001. 40000110. 71. 000, 000.
1100110000ιί0 00001001001000000001011 10 111-
000071. 040.
01010010041111071.197,007,001,090.
ludioni Copornloi 00010011οι0 10 0011010 000-
1110100 11, 007.

, 1000000010000000000001101148000.

, 100101001. 070.

, 00110000000011017.

00011110 0011100011οο V. 9.

, (10100010100101, Pons) 11, 41, 400, 019.

, 10010100 000001 habits 11. 004.

, 010000100000000010000100780.οω

000001. 148, 000 71. 000.
,010000010ιο0 0010 0000000 regularis
, , 110000. V. 8100. [7. 00.
, orror 10 001001101011. 00, 101104,
. 0000001010 0011000000011007. 7. 00.
,, 00001000000001011.140,147,000.
,001100 11. 070, 0070, 344, 400 400.
111. 010 V. 070, 087. 71, 4090.
440, 447, 449, 007.
Euctemon IV. 08.
0010000, 000100 4010101011 10 0010οο001010
,100010010111071090 [1000.

, ,, 0100010000 00110007. 404, 71. 007.

, , solstitiis IV. 91, 100.

, 0100000000 0011000001οιιο 1. 000.
,001000 moveri 01000011. 001.

0100 000 000 ι 001. ιι 000.

xxxin

0010011100οῦοω 001100110000 0011010οἱ.
,10010100 00100001. 000. 111, 170.
, ”orbos II. 001111. 170. 71009
,0000000000 7111. 080.
„sphoera 1. 000, 007. 71. 090.
110100, 11001001 0000001010 0000000101 10-
000010101 11000100 l. 09.
Euripides 10 00100000 711. 707.
Europa 10 S. 1110010 1101101 100010 7111. 100.
0000001000100, 001010 10010011 VII. 700,
Europaei isrooss 0110001100 711. 770. [770. ’
Eurus, 00010011 ,010
suisio. 'io 01000010ῗέ0101οι0 ⁶v²1⁰ul 000.
0000011 000οο 10 0000000110οο sonorum VIII.
„ chronologia VII. 700.
,1101000 VI. 000.
1100000110100000 1000000017. 000, 091.
11ιο0100100 01. 11010000 0010010111ιο00 11. 400.
,10 conjunctione s. 1004. 11. 010, 811.
, , 100011.111100.1010011000οι0 01110010·
0000000 VI. 000.
, mensurius.
0000100011 ephemerides 711. 499.
nomionis 100000001001000 11. 044.
hasim 00011.700.711.700. ,

[000.

Faber, stapulensis, 10 1000001010 7. 00,
., 0010000000. 0000011001οι 77101100οο0·
000010 VIII. 000, 077, 800.
1100010100, 11001100, 000100 10 1101010 001001.
(0010010000 01 astronomos> I. 004 0.,
340. 11. 90, 109, 000, 000, 790.
,, 1010001001000. 7111. 040 [111. 00.
, 010100111101100001000 ohlqus 0001001
, 10 00101101. 014.. [0000011. 047,
, 11001000 01101000000110000 1001101010
10001100 11. 070.
, oum 0001 1100100οι 00000100 0111. 000.
11. 08, 090, 000.
,10 00001110101101. 004.
,(1010οᾱ00100 0000011001οω 0110111000.
, cum 0001010000ου 000 1110000 0011 10
111100 1010000001ήο 11. 400.
,10 (1000100000 II. 401, 111. 97.
, ,, comis suoi 00010010,
s. ,, 0000100000 000101. 001.
, ,, , 00101. 04011080.
, , 0001. 0000000. 10041. 044.
, , 1100000101 hypothesibus 11110,
, , 0011001 10000 sonorum 1098 011000
11001000 00100111. 10100.
,, fluxu 0100100000010·11,110,
,10.1001111001 010,
,11010100 0010011011οω1. 001.
,10100101οω1 000.

,huson 0000011 10 1000 0101100 0 1071.

u.QO.

 

