mn

15555,1151155151555151551 551515551555555-
renni ex 15555 superi. 1151 7111. 84.
, 55551511555511151, 159, 571.
11. 51, 218. 285, 495, 519. 111805.
71155711 88, 55, 52, 57 ss.
Ι , 51 Ι151155 mutue astructio lii. 151, 585.
,, 1155115 5551 veteres 11. 7. 111 542.
, , 51151555 151115515 r. 81515.
, , , 11551515 1515151115 Ι, 845, 414.
11. 55, 112 51 poss. 11145, 4158,
511 ee„ 55515. 71. 14, 25, 42, 54,
85951.. 45155, 552, 5805.
vn. 525 5., 577.
., , 151. 11515115155115157154755.
, , 515 551151115515511511155515151515-
bili pugnet 71. 92.
, 11551155 11551511, 1755515111 51 815151
15151 ee 5555515155 71479. 7111. 117.
, 55115 51 5551155115 11. 280, 808 se.
11152855.
,, 15115111 118. 111. 45 ss„ 812, 585, 545,
558, 658 se, 58555, 710. 71. 14,
854, 414 51., 585. 711. 485, 527.
7111. 112, 888.
, , cnm insequelitete 55551155 tem-
55115551555515151 71. 474.
, , 5151555155115551511111. 95.
,, 15115115515555155111. 812, 085.
1 71415, 585.
, ,55515 5515 71411.
, , 1555511155 555 15115 cognite 71477.
, 517555115 conjunctio 71 599.
, 115 5511515ιί11 1828, 888, 422, 50555.
11. 540. 7111297.
, , 15115515511 51 humectandi 1. 511.
, , 15 1511151 51151115 soboles i. 422 5.,
571. 7111. 97.
, , magnetius 111 547.
, ,15 5511151508.
, 15555 7111. 84.
, i. q. dies 71. 498.
155515 15151 51151155 qnid 15151511 il. 208.
1155115 11151515 5 11151115 1511151111
lii. 891-707, (iix 5155151151.)
Lnnotio 71. 455 e.
humectum, 1. 155551511155. [470.
155511 511155555 11181, 401. 71. 409, me.
1555151555515 dux rector 4551551111 151155.
, 1514555515571. 522.
15555 51155ς derivetur 11 225.
1555155555 11551 11. 288.
15515555511155511551151155555115511515155
· 515515511515515515 1 8885.
1515115555 5551155 (Blnthochneit) 1. 480, 058.
15115155 15 051551. 151115. 17. 55, 510.
1511511 genesis 5 0111551 551115 7. 258, 484.
, ingenium 7. 480. [7111 8055.
, 555 115155515 5555515115 1445.
151151155155 persecutiones 15 811115 1. 89,
54 es„ 894. m 411.

15555 ··- 15515

151151555155 persecutiones in 4511115
71. 511. 7111. 9115.
, 5511515 555111 Geiendmtnmidregoriennm
, secessio 1 5515855555 11. 781.
, 5511 n. 1508. i. 558. 7111779.
151 ·
5515511 cognate 151511111 11. 211. 71. 844.
5115551151 555 discessu 5 555115 1. 174, 175.
11. 182. 111. 809. 71. 848.
5115151511. 185 ss. Vi. 847.
1515151 1551151 11. 145. 111. 808.
5151511155 Ii. 295.
communiente 11. 49. 141298, 417. 7111. 58,
duplici respectu 15551151551511. 185. [109.
51151115151115151115115515 11. 181, 148. ·
, 15 5115551511. 182. 111. 108. 718475.
5515515 5155515155 15111155 1511151551. 18. ,
, , virtuti 555511511111. 802.
nigre 15111155 15155551 quem 111511. 145.
15 potentie, quid 11. 184.
15 5555111515 nou 155151, 551 15155 55111. 425.
li. 141. 71. 848.
5 5555111515 15155155 efficitur 11. 1885.
. 15515
55115155151515 11. 145.
5551551155 55151 11. 151.
15111 i. 425, 557. 11. 48 5., 5755, 14855. ·
5515155 11 185 51.
densiter 1111, 142.
dioecensin tenuioris et densioris 55111 15 re-
irectione 11. 197.
5555515511, 181.
1551111511. 49. 15255.
5515511157. il. 55, 182, 181111. 808.
, unm 55 1555 5511 51551111. 151.
5515151. 115, 425. 558. 1149, 180, 185,
- 158 55 111808. 71841 [5551155151-
51151111515555111115 81115 15151555).
55551555515 medio pellucido 11. 142, 151.
51551151115111. 185, 148, 145.
redii, quid' 11. 182. 71. 847.
redii nonnos-gerni, divergnnt IL 581.
, repercussi. 15115111 11. 55, 141.
15115155 55511155Ι ii. 142.
repercussus (reflexio) 1. 425, 587. 11. 87, 180,
188. 1415, 151, 184, 278. 711. 214.
7111109.
„diversus 51 equis et 5 151115 11. 287,
4175. 7111. 57.
5551155 quotuor li. 49, 185, 141, 278.
1 15551111 divisio in 5151111555551117. 180.
1511511155 1. 558.
15515 11555151151551. 849.
., 115151155155115115551155111. 428, 511.
, , destructorium. 145.
115151155115 15555 11. 718.
[5555115555 15 eclipsi Soiis 1485. 11. 815,
418, 199 5.
1111511 111111155 deserite 5551 111515
1111, 110, 118. 7111. 22051.

Lynceus quidem 555155551511111151551515-

 

