111 ι01111111.

10 ningo 1111 (1100110) 11011. 7111880. rimmo 10011 &a proponit ’11011111
01 laboribus 1011 10 1001111110οι 1111001 71. 098. [1233.
1010011011001111011 11 011110011- ,, 111111 01 10111011 111 10 P. 111100
01111001. 100. , ,, 011111001111011.107.
1101111101111110101101110170. 7111071, ,, ·, , libris 10 0110110. 0111101011-
801, 800. [7111. 800. bno 17. 8.
mom 1011111 010 0101010111 10111011ου1 ‚ ,, , 11110 11110100111111.1001.
,, 000111 no 101101 0100000110111001 , ,, , 00110017111011171008.
1 190. 1017108. ,, ,, , 1001110011 111. 0701. Vll. 100.
,, 111 101101 00101111 100. 11. 780. ,, ,, , 10011 0110111 7111. 00.
,, 0101111011 do aquationibus 1110111111οε 1110101 1101111 011111 711. 400, 001.
71 074, 710, 01 Regini 1011010 11 40.
,, 01 0010110010101 11011, 410, mm Mogino 11110110110011011011101011
,, 0111110011111110011 1011011 71011, · 71144411.
, 001001ηο111ιο 1 01, 100, 110107, mannum instignt 10 11111001. 00001100
, 111111011101111101111011111101 11144.
7111 140, ,, nequitur ln 1011111011011 1110111 11-
, 011100110111.00,400,410.111.04011, 00100000 71. 087.
,, , 00010100001111110101111111.100. 101100111011111011 10 11001011 010111011
111. 010, 011, 018. rotatur 1. inin
1100110, 0101. 1101111, 011111 Ρ101110000; 11100 11 1011110111 0101111. 401.
00110101110011111101111.100104. S. 14111011 1110001111 1111011011101001 01
11111110 010011111111101. 1011. 1. 004. 1111101010010111.110. [4711.
17, 018. , 00010111110110001. 10111000101011.
,, 11101111 000111111117.018.71.00, 11 11111111οο001 quomodo 1011111011111111110.
11111111 init. 11111 1. 1011. 11. 100. ,, 0011111110011111011111.111.[7111.717.
17. 071. 7111. 807; 01 qno 11101111 , 1111011110 011010101111 71111 00.
110 110111. 41111. 100. 0111111111 0001010110 00100010011111110810.
110111 1 1000001001 1111001101 71. 10. 01 0111101010 1111001111 11. 800. [140.
, 10111111111101111001110..11111010. 1411111111 100. moriem 000 01110111111711. ·
7111. 0. [081. 0111111111 001110011110011110111 01, 0071.
,, 10111 turbu 01111111 71. 00, 019. 711. 111οο011001 0010110111 Ρ101111001
,, 170111101111110000001117,018. 1011111111. [840.
71. 011. lingoniensem 01Εο010100100110117111.
lingua 01111011 01001 0111101 111 700. 11010011111111110110001011011. 1017.
1101111 0011111, Pili. 11011111 1101011, 001 vn. 040. [11 811.
1000. 7111. 010. 1100111111111011110101101111110 1. 1080. 1. 70.
1111111 01101111 0111 111 7111. 741, 800. ,, chronologico 1111 001. 1011. 71. 008.
10100 1011111100 101111 11111100. 11100- 1010100011οο11111111088.111101101.0011
100011οἻ1011ηο111010611903111 71. 10. 01111111111030110011110 10011011 0101111111
10 1011111 peregrinatur 1111111 1007. 11 100. (intio 1. 11.
111 110. 01001[,111011Ι 11101) 11 100, 4401, 000,
1111111101 0001111110 0111111 101011 01011011 004. 71. 00. 711. 70, 81, 400.
1. 80, 01. [7111. 04. 111010100101011.01.111. 00, 100.
,, 111111111100. uxot. 117071, 800. 111οο0111 1111111011. 1010. 711088.
1111101110 101101110111110111110011111110· 0100011100 10111111 i. 841. [170.
011 11. 141. 1001011 101 1111111 1111100111 11. 710. 17.
, 1110 typos 010101100011001171. 10. 110110111111101011 0101000110.
, 1111111 adscribendum invitat 11. 14, 71. 018.
704. 111. 00, 00. 1001110011110011111010 110111101171. 007.
, 110011 011101010110 7. 817. 71080 00101110101010100011011111410.111 01,
, 111111111. 40171. 40. 40,019.(7.470.1
11110100 1111111010 10111111οο100 typis 010011010011001 11 instrumentis 1. 1004.
1110010010 010011711. 007. 1. 04111. 004.
, 0000 0110010110 1111011101, 48. 10 001111 voram 1101001 11110010 proponit
11 11 (1111 111 1131112.θᾷ ⁴⁰9' 10001 1113111111.ιὲ iifof'nn. 1111 1111.

,, 1111111 ogit pro 110011 1010110010- vn. 010, 11 1010. 711. 007, 1010.
110001. 1111. 111111.

 

