811111 17111 ·- 8111111.

811111 Horo
1111 111111 10 11111 11 1011111. opp.
IL 002, 701.
uum 1111 1111 II. 70211.
111 811111 um 11 cygno, IIopIorI
1111100011. 711-771. .
Iu Sorpontono, 1004-10001. 470. 1111111.
1111111111 11111011111 Ι. 471,124, 008.
1118011.. 00011, 70011. 711. m.
1111 11111, 1111111 11111111111111 11. 10011,
00811, 020, 07811, 702.
11111111111111 rogo I. 474. II. 700.
,, 1111111111 1113111117.204,282,047.
, , 1111111111. 010, 70211.
ojus 011111111 11111111 1. 474. 11111,
01 01111111 1111 11. 010.
11110111111111 ’71111 11. 00811.
oui 011 1111111 11. 704.
ojus 11111 Iu 11111 147411. 08711,
0071., 00011.. 001, 01111, 077, 088.
,, 1111111101 11. 070.
,, 11111111 II. 08211.. 002.
, , uum 11111 1111111111 11. 004.
oum 1111111111 0111111. 11111111111474.
II. 100, 000. 020, 702.
uun 711111 oppropInquovofiI II. 007.
ojus 11111, undo 11 quo temporo I. 470.
1111111.. 00011, 007 11., 701 11., 707.
,, 111111111111111111. 021, 00011.
mm mullo& 111111ῗῖ411
111 1111111 008, 081.
oum trajectionibus 1111111111 II. 000, 700.
1111111111 11111οο11 occupationes II. 720.
ox 1111111111 uum 11111111. 100, 002.
pro 71111111111111. 010.
1111111 11 111 111111. 001.
0111001111111111111 111 111111 81111
1004. 1. 470-470.
1111111111111 1. 011, 127. II. 728.
11111111116111 717101 8111111110. 1000.
010118101111111111. 11. 010.
11011 capitum 11. 010. Ι
epigramm· KoplorI II. 012.
1111111 0111 pomo 0111111111, 111 II. 177,
,1111111 prodixit IL 010. [080.
’ 111. 20. quondo oouoorIptum II. 704.
111. 0. 1111111111 V. 248.
8111111 11111 0111111 11 111 111111 11111111
1. 012. 11. 087, 000.
, , uum 11111 1111111111 II. 820.
111111-1111111111111111111111-111.
01011. 1111111111111 1171111111 17. 100.
11 11111111 Gonu. 11111 17110. (vid.
411111111οι1 1111111111.)
quo temporo 11 1111111111111117140172.
1 77111111 11111111 0111111111 11111111-
0111 17. 140,’170.

(IV

81111111ςὶ1 0101111 01111111 011110111111
1. 1000. 1. 410.
,8110111111 II. 011.
81111111, 01 1111111111 mensurio 7. 01011.
8111111, 1111111111 111111111111 7111. 701.
suom sorios 1011111011 1111111111 111111
1111101111 VII. 200.
8111111111 1111111. 140.
811101111, 111, 1111111111 1. 000.
,, 010111101111 1111111111171. 100.
,, 0111111111 111111111111. 107, 000.
, 0101101011 01111111(111111.) 1. 401.
,, ,, 111101011111 8111111101111.
, 11111111111111011111111. 00.
,, Iu 1111111111 11111111 711. 01.
, 01 1111111111 11111. 1111111117. 200.

81110111 11111011. 11111111 111111. 7111. 700. ·

,, 0111110011 1. 007, 000.
,1111111111 1111117111111111111 1. 007.
, horologium 1. 88.
811111, nmo 1111111111 11. 801, 807.
8111111111 VIII. 874.
81111111811 111011111111111111011 71. loo.
8111111111 geographia 11. 114. 71. 007.
8111011110, quoostor Argenuu VI. 021.
8111111010111111111, 11111111011111. proo-
111711. 010. VIIL‘ 880.
8111111111, II. 400. 71. 101, 02. VIII. 800.
, 01 1111111 11111 1010. vn. 70.
, 1111111111 1011111111111111011117110.
8111111111,11101111, 1111111. 7711111111111 1
8111111 11111 7111. 048.
811111, 011. 11111111211111.111.700. VIII.
811111, 1111111111. 007. [048.
8111111111, 1111111111 7111. 702. ,
81111111011111111 1. 1104. 7111. 080.
8111111 111111111111100111 0111111111
1. 001., 1111, 00, 20011. 11. 410.
,, 1111111111 010111110111111171101111111
Ι. 0711, 102.
,, 111111 oum 11111111 11111 comp. II. 401.

“ 1111111111111111111 111111.

811111111171. 001. VIII. 00, 40.

8111111 gravitas 1110111111. 711.
8111011117111. 700.

8111111111 01 Augusto IV. 071.
81111111111111111111 111111181111117. 070.
8111111 111111 1111111 11. 012.

,, 1710111110 11111111 obruto 71.1 004.
Sulpicius 00lequ proodIoIt 1. 101, 007.

, 7111111110111111171. 101, 140.
81111111111111111111 7111. 810, 000.
8111110111111 1111 II. 200.
superficies 11111111011111111 11. 104.

ς, 11111111111111011111111011 1.124,120.

,, 1111111111 111 1101101111 II. 170.
8111101111 ’.7111111111 VI. 1271.
8111111, 1101 11111111 0111.

8. 81111111. ordinans 7. 11.
8111111, 11111111, 01011111111111. 100, 001.
1170017. 107,1101.,17711.,420,400.

 

