' Hm -ν 111111116111. LXIX

urumrutuprootunonrsrhurmrlnts. 1111111111 uorum 1111111111-
11111111 1811111 1111111111 1. 1620. (,,111111111111“) VII. 411-168.

1881. 1111814. III. 1191. 11. 46. 111. 90, 146,

,, 1111611111161111111 11828. 11. 819. , 11 81111111 11. 119, 668. 1301, 310.

111. 842. , 116. Rud. st chiliadis 11111. 111. 6021. ·

,1111111111,1111111.81. 1111111111111 oriculus mercatorum trith·
Linsii 1111111 11. 19. 11111111 1111111111 111. 418.
[1111111111 tatuvino, 619. 111. 689Ι ’ , constructio 11. 81. 111. 29811, 620.
1111111111,111111111 11. 82. ,111111 VIII. lios. [419.
1111111111,11111111111111.1111. 911. , usus 1111111 111111111111111111 VI.
Linos, 1. q. soqnutor 11. 192, 213. , , 1111111111111. 30811.,81811. [tos.

,1111111111 1. 311. 11. 220. , ,61111111 1624. 111. 817-316. 390-

, 11111111111111111111, quid 11. 142. ,, Supptumntuur 1625. VII. 948-888.

, 11111 1111111 1116111611 1111111111 2116111111 11111111 111. 29611.

111 181. 1. 624. Ρ11111111 11111111 111. 3191.
111111 stabiles, 1111161111 1. 88. 011111 typis exsculptum 111. 111. 800,

, 11 1111111. 124, 198. , 80111, 3191.

, tormini figurarum 11. 110. supplementi 1111111111 111. 801.

„trigonorustrioss 11. 199. chilias ot 81111. 11111. Phiiippo
Liussrum domonstrshiiium 1111111 gradus 1111111111. 801. 308, 818.

V. 8811. 01111111111111 111. 801.Ν
11111111, math. 211. II. 801, 190. , tubulos 81111116 111. 486.
11111116111111, 11111111,11111111111111111 ,, 11111111611111 111. 801.

11111111118181.1111.241.,911,919, hugones sensgsusris 1. 181. 111. 190.
1111111111 ortus 111111161111. 161168. Λογοι 1. 191.

11111111 1111116111 mutus 1111 11. 116. Lollius, Osji 0111111111111111. 9411.

,1111111111111111111111111116111192. 32111, 680.

,, ,, 11111111111111111. 64. 1111111 conjuratio 1. 1806. 1. 666. 11. 61.
111111111111, Felix II. 828. 1111111111 astronomica 11 21611.
111111111111111111(1111111111111111219. ,, iu 1161111 1111111111, quid 11. 209.
6111131111. 280. ,, in Torrs vl. 208, 236, 614, 666.
11111111111111111111111111111111111 11111111 , 111111 111. 846. 11. 411.

Lipsius ds Iulis 1v; 819. [111. 11. ,, 1111111111, quid 11. 496.
11111111111, 1111111, 11 11611 Rostouhii gostis LougItudiuis 11111111 11 Turro 1111111111 quo-

1111. 911. modo investigetur 11. 2981.
Litsrstorum 111111 tutti 11. 612. ,, Iocorum Iusortitudo 11. 6611.

, nuos Istius loquendi 1. 91. Lougomontsnns, 011111181111111, 11111111 111,
nius Augusti uxor IV. 210. 1111111111.188,126.11. 689,682,671.
11111118111. (111111. 861. 111. 186, 482. 1111116.

,811111111111111 1111111111613. ,11111111 111111111111 111111 ortigius»
Liuii 111111111111. IV. 1111. scripsisse 1111111 1. 219.
Lixiuium 11. 188. , ,1111111 111111111,1.370. 11. 14,
Locorum distantis quomodo rsperstnr VLBOO. 101.111. 60, 198, 66211. 11. 669,
horuch, 1111111 horolog. V. 848. 692. 111. 464. 1111. 821.
1111111111, 01111111. , , , 1611111111. 381, 310. VI. 611.
1111111111 quid III. 816. 11. 681. , 11111111 trihnIt inusutiousur 1011111111-

, IogistIoi 11. 601, 692. 1611111111111 11. 1381.

,, 1 81111111111111111111611111111438, ,, 11111111 16111111 1. 1699. 11. 441.

884. 111. 998. ,, 1111111111 1111111111 11 snus 111111

„ , 1111111111111116811119961.,620. 11111611111161611111. 616. s

, ,, (1111111111811111111111111111807, ,, ds hypothesium oertItudius III. 109 s.

810. ,, 11111111 studit, 19111111 1111111111 111111-
· ,, 111111111111111111111 1111111111 1181. 111111, 11111111111, 39, 448. 11. 66.
v11.oso.(u1. 619.) ., 1111111111 quuitur iu 111111 thuoris

, 11111111111111111111 11111111. III. 111. 88, stt.

V. 280. 111. 301. ,1111111111 tostis observationum 8111111

,1111111111 1111111 Tubulus 11111111. 111111111111. 811. “

111. 619, 11. 681. ,· Mortis 1111111111 1111111 111. 81, 910,218.
111111111111111111,11111,Ρ1111111111111. , meridianorum 1111. 11111111111 sompn-
1111111111 11111111 111. 8661. 11. 81. 111 111. 689. ¹

111. 301. ’ ,2111111111611111111111111111111611111

,, 1 111111 In 11111111 surr. 1616616 11. 86. 11. 38, 666, 180.

 

