besse.

Luuse absolutionis 7111. 681.
,, 66161711161.
, cenicum quomode deprehendatur li. 670.
, colores iu eclipsibus 11. 21 1., 288, 100 66.
122, 670, 626111. 826. 71. 118, 602.
711. 612. 7111. 1126.
, 661111161616616171808.
, 666666666166166116666161661111611.281.
, cerpus 66616, s. 6666116166.
,, cycli 6. suni.
,, eleusius 111. 160.
, 11166161666616661.16. 11. 2, 161, 166,
“ 2761286),268,602,118,176.111.17.
66, 688, 017. 71 827,161, 706.
711. 186. 7111. 68, 61.
, ,, uum 1166116161 tubo 661166 711. 266.

, , 6666666111116111111. 266, 6116. x

,, 1161116166 uere 71. 828.

, 1166 11. 127. ,7111. 68, 68.

,, 1161111116 sessio 66111666 1661611. 281.

,, 11666116 (611161.) 1. 666.

, discus cuc plenus 66666661 11. 276, 288.

,, 11661 61 'lessus discum 66666166
71. 628, 186 6.

, 11611611661611611. 7, 286, 216, 878.
111. 61, 612. 71. 627 1.,161. 711 72,
221. 7111. 16, 82.

,, eclipses v. Eclipeee.

,, evagelio 16 661161161, queuis 7111. 66.

, evolutiones (s'eslsyucs) quomedo 666666-
166116 71. 710.

, 16616111. 272.

,, 16166116 speeies 661 ellipsis 11. 282 6.,

,, 16116 6166611666 711. 677 c [126.

, horstius, u. 1161111116166161.

,, illuminatio 11. 27266. 71. 618. 7111. 86.

,, ,, successies 71. 166.

, ,, in eclipsibus 11. 288, 60211.. 127.

⁸ vl. 148· [au Ιο

,, „quid 166161 61 muium Luuss 71.

, illumiusiieuie circulus 11. 78, 271.

, 1166166 11. 286 6., 127, 786. 7111. 68,
66, 66,,67, 71.

,, incolis quelle ’16116 66661661 7111. 86.

,, ,, qusles 66661611 eclipses 7111. 87.

, 11111616 111. 18, 662. 711186.

,, „iu eclipsibus li. 1621. 111. 666.

71. 600, 6821.

,, , isles 6 0666111166 posits 1. 262.

,, , 1166116671177. 688.

, , visibilis 11. 668, 8606.

,, 16111611616166161 71. 822166. 711. 186.

, iocus prope serue'Vi. 171, 686.

,, „fictus 6616 71. 688.

,, 1661 6616661611611. 662. Ili. 700.

, iongitudo 6 8616 11. 608. 711. 188.

,, lumen (v. iliumlueiie) ii. 282, 288, 122.

, , 111 visu 6166116161 11. 266 6., 272.

, , , sbsueuss e. 6666116 eclipsibus

umemm

'lum

Luce 166166 6111116116 iu eclipsibus, 6616

11. 281, 606. 71. 601.

,, 61666166, quisi li. 272, 277, 281 11.
118, 176, 121, 126, 6116, 626.
71. 166186. 7111. 666. 101.Ι

,, , 6616 Terrae vallibus comperuise
11. 126 6.

, munies 71. 661,186.7111. 68. 61.

e „ iu eclipsi sclsri eeuspecii 11. 176.

, , 16616166 terrenis 1128116122, 662.
, mors iu tenebris 11. 6166. 71. 122.
, motus 6111161 csuss 71. 667.
,, ,,61161 suem 11. 681. 111. 118.
71. 662, 088. 7111. 68.
,, ,116116671101
,, , 6666111161 celesius 71. 1701.
, ,, 66661166 1. 111. 11. 072. 111. 626,
686 1.,660 71,166,1701.,600,602.
, ,66161116661611166616661116616661
mcuicss 1611661117. 288. 71. 1761.
, ,166666611161 6161111616 71. 861 16.,.
,, ,, 166661116116 quomode 6 ueteribus
1616116611 11. 71. 111. 6121.
,, ,, 166116616666666116171. 668.
, ,, quelle 61666616611. 272, 878.
111. 160, 666. 71. 1061.
,, ,, 661 ucu 161666161661110. 71. 116.
, noctes, quslee 7111. 66.
,, nodorum metue 111. 688. 71. 1616,
668. 711. 187.

, ο666166116666 11. 266, 278, 222, 818, ,

622, 61616. [866.
, ,, 6666166661166111 6661661166171.
,, 61616 6666616161166111. 611. 71,10,66,
166. 7111681, 677.
, ejus 661666 71. 688.
,, 61616 uum 6111611661111. 660. 711. 677.
,, , 1161166116111. 126. 71. 16101, 602.
, , 116116616166611161616166661761166 =

61 6166666116 71. 628, 662, 616. .

, , qusuius 6 61666116 uisus 11. 606.

,, ,, 86116 61611 1666166616111 71. 867.

, „uuus 'reme 6661 seesusssdus sn
emittendus iu pisueesrum 611166
61 regul. 6616. 1. 16816.

, 61166 616666166 71. 186 s. [71. 620.

,, , ., ,, 66116661661666166611616

, 6666111111 ll. 7, 622, 662 6. 111. 161.

71. 627, 602, 706. 711 182, 616, 626.

,, peries iueiiss 6166161116, quill 11. 126.
71. 166186.

, ,, scirense suus 661116116611. 78,812.

, 6611666116 661 tebu- 661.Π.176,127.

,, 616616 prins 11. 22061.

,, phesse 11. 27866. 71 ise, 186, 120.

,, pbssiuus 11666611. 262.

, 6161166161616 1166166111 111126.

,6661616666 (Mn-e> eu 6611611666

conspersis 111, 66211, 6866. 71. 172.
,, puuctum 666Μ611161166111666171162.

 

