xcn Putaui

{nmmum 1166 666111 111 161.
1166616 typam-rou 71. 91.
,, ,16116116 11166666 106616166611166)
1. 116, 201, 296, 861, 866. 11129.
maun 0661, 6. 1166611166.
66116161 1661166166 6611161666 Θ 16166616
1666116166 Ι. 129. [711. 271.
observationes 11111. 111 268, 1801, 698.
, 666 1161166161. 120, 172, 860. ΙΠ. 260,
890, 18011, 611, 692. 17. 112.
71. 60, 881, 66, 91, 96, 107,111,
116, 111, orsu.
66161 161111 11. 677. 7. 106.
16 physiologi· 6661611166 1661611116 711 168.
proportionum 1166616 71. 76. 7111. 87111.
6666166 666661111116 1 216. 111. 2671
61116, 1666 6666661 61 66666161111166 1666-
6161611111. 607.
1616661666 6666661 111. 182.
161666 16 motitur 6166616666 111 109.
716166661666166 16166616 6666661 7. 887.
7161666661 Philadelphus 1. 262.
,, 7111666166, Philopator 1. 262.
, 8616117. 119.
761166166111 6666661611 r. 1661661 616.
76166666 611616611. 111.
7611616616616666 6111166 6166166 16666-
166 11. 881. 111. 169. 71 218, 867.
Punctum 66666166166 Lumo 71 169.
,, mathematicum 111. 160. 71. 110.
, nullum 66616 6611. 169, 161.
76661186111616116611111. 628. 71 197.
,, 6611611666 6666166116 71. 281.
766616 166 7111. 100.
7616161161, Georgius 1766161611, 6616666661 ¹
1. 209.17. 21. 71. 117.
,, 611611616666 66166161 1160. IL 860.
,, 6611611666 66116611. 6161611 281 28.
, 16 6616616666 6616 111. 177.
,, 16666 rodum 116 uorum 61 retorem
1116166116 11611 11. 291.
, 666 orbor solidor 16 66616116111611
,, 16 6116616666 6611661 111. 1761.,168.
7661161111 1116661616 1. 168, 209. Π. 271,
102,117. 111. 168. V. 271. 71117,
889. 7111. 687.
7666666166 66166666 11. 267. 7111. 10,
1011., 121.
7616616 6611 11. 111, 700.
7611666111 11661 1666161661. 1627. 711. 681.
, observatu 66116111 86111 71. 81. 711. 620.
766161117. 669. 7. 621.
, 16 cubo 1616616111. 187.
, 1116616 11. 187.
6761611616 116661661 obt. 86116 6111·
61166 17. 182.

-6661

7111116- .
oum-uum„

666116 11661166 6611661 motor 7.129,121.
16 6666661661 mutarum 1. 101, 106, 126,
181. 11161, 189. 782120. 71818.
11661666 166166 61 6661661616 16 6616666-
66616 corporo mul. l. 126. 7. 81.
6661616 61 66161611 conponit 7. 661.
6666666 1666666 6661, 66166 tainu ro}
66161 1 878. 7. 188,
Romu 166166 1661 111161 17. 81.
16 11161611 661166 6. uptun· 661166
l. 17. 219. 7. 896.
111661166 6611666666 1166616 666161 11. 166.
76166666 61 1161166616 616166 116111ι 6111
Pythagora 1116661661 80. 11 606.
,1666166166616766666666116116166
, 16661161 118061, 661.
Prorogatur
16 1166666111 7. 129 11.
1, 6666111 11. 686. 711 106.
1166666166 prostrarunt 1 67, 260. 7. 82,
121. 711 711.
16 16616 661661111. 2781.
, 66616 1 260 61. 11. 626. 7. 82. 711. 788.
muudum 11666 1616166111. 712.
16 661166 7. 28, 129 6., 212, 872.
,, 6666611 7. 18066
, 1116666 6166166 111. 172.
,, 86161. 260. 111. 160. 71. 811, 618.
, 861111666 L 2606. 111. 160. 71. 616.
711. 788 71811.
6661166661 {agon 11. 661. 66611.
7611661 11611161 16 6616 66611 711 680.
761116661161 71206, 800. 711112.

6661116616 u ²⁰⁶·

,, 1611666166 ustrou. 71 186, 220.
06116611 1666111 71. 818.
0666816166 61166666111111.10,109,111, 128.
,, 166116166116666661116616116 Ι. 197.
066111616666661116116 7. 228.
,, 666661616161 7. 81. 7111. 16011.
0666166, 6611111 7111. 160.
Quarto 16 661161, 6616 7. 167.
Quo-rouo Vl. 161, 176.
06166 66166116 proprio 111. 169. 71. 811.
06161611 66661166111 16 6166116 1 129.
06161661666166 7. 88, 101. 71. 270.
Quinto 61166116 7. 120.
0616116161, 861616.. 0. 01616611 666166 1. 629.
00Ναθῧ, ἐκ), ῗξὲ, 080,171,116.
61 . .
06161611 666161 1719261, 21711, 88161,
12612811.
06111161. 660.

 

