Lx 1114141 1414104. - Epistola 4141440104.

11441411 4411411144 14

444004 a 11440104

1141041100,01141410400144.1000.(1144411 1141πο110400. 10001. 71.

111. 000.

,014444 e. 104. v. 844117 1000. (044411,
, ,10111441000111000
, ,004. 1000. 11. 700.

·.111 000 (111. 11), 0811. 704.
, ,041 1000, 11. 77, 700. IV. 08.
111. 08, 71, 00044.
, „.Nov 1000. 111. 11, 098 ss (00).
11. 700, 780, 77.

, , 004. 1000. 1. 000 ss. (11. 700). y

11. 70 (700, 700), 111. 440 44.
0..000 4.

, 44141000. (dedic. 7140410104. Lu·
44110074001111. 7084.
,,,.1404 1000. (1. 004..111 7011100.

10. 4404, 10. 80.
,001. 1000. 1. 000.Π.70.111700(101.
,4.04411 100011. 70.
, ,, 001. 1004. (114441) (II. 81).
, Deo. 1004. 11. 01.

, ,, 0401.,01411. 414411. 1000. 11. 8014.

,, , Iun. 1000. IV. 0014. (1. 000.) Ι
11. 080. 111. 0 . 0. 010.

, , 0111. 1000.10.014.(11.0001 11100.

, , Van. 1001111. 404. 10413.
V. 00 44

· , „Apu 1007. 11. 084111. 400.

, IV. 474, 0004. 0. 001.

“ , ,14 411. 1441. (444 14141440. 41
00104114) VII. 107.

, ,041100100011100411147044
0. 41. 0110.

, ,041 1000. (0. 401111. 01. IV. 00714.

, ,1104.1008.(04441)10.000.

n 1Βο 1000. (0. 40.) IV. 0004, 470.

, , e. Febr. 1000. (1144411 10. 000.

, ,14114441140144

,1)44. 10011. 70. III. 001.

,ωωωπηωω
, 011417ὲὲ446 111 40111440.

, , 04. 1440. (ιιι. 44401411.

, 11171141. ι. 411. ιιι. 444, 101.
ιι. 44, 401, 141, 144. V. 444.
, noe. 14100. 414.

,, , Febr. 1000. III. 00, 444, 440.

lv, 80.
n Apr. 1000111. 700 (101.

, , Jun. 1000. 1 004111. 10, 700.

, Nov. 1000. Ι. 000111. 704.

, , 040. 411100. 1004. 11. 81.

„ 010., Mart. 4111441. 1000. 11. 80 44.
, Aug. 100010. 00. (11. 0801

, Nov. 411144. 1000. V. 010. 10. 00.
,, 0141. 1000. 111.’ 00. IV. 470, 0004.

, 0441444040.0144410414.
, 141. 4441. ιιι. 444. v, 14.
, Mart. 1404. ιι. 44001441.

IV. 470, 000. V. 08. vm. 000.

, „Apu 1007. V. 41.
, 001. 1007. 111. 407. 10. 470, 000.

V. 40. VII. 0. VIII. 030.

. , Jau. 160010. 4141414). v. 45.
„ Sept. 1000.11.417.111.01. IV. 007.
, Nov. 16118. (0, 40.) IV. 00714.
, , Dee. 1448. (ν. 44.) 10444140.
‘ , 000. ot 11411. 100010. 481, 030.
, 000. 41 Aug. 1000. 11. 700. IV. 030.

,,1110 1000. 0111. 787.

. ”pm 1411 (ιι 441.)

1144040001(1144010011001),0114441114“. 1000 1144110404, 0404. 1000. 1. 008. 11. 004.

1000. (V. 01111. 07.
, 0144444404.1000.11.004.

0000440000. 0.,(114111441. Stellae 10 044001 114041οη004, 10, 0144. Dee. 10000111. 700.

(1. d.) 1000. 11. 700.
, Petrum, 1004. Apr. 1010. 01. 10, 71.
110040141041010,1.0101.,4.(1.(111410.) 0111404.

Hostium, 011444 404. 1010. 11. 404.

Iacobum, 4041144 144401, 1.1. 41 d. 11. 007.
, Line. 0401. 1010. (11401141100410. 774.
0004001004. 014444 Feb. 100411. 700.
04401001, 0041414111. ,
001411οι0 (ded. 81414010. 00111104. Dec.
1010. IV 0004. 41001. 1010. IV. 070.
,4.1.4111.4.4. 1010. 0111070.
Iohannem 011114ιί0401, 404. 0111114140. Line.
14411. 1000.,(04011014100111100014)

, 0144. Dee. 1011. VIII. 000.

, 04110444. e. Apr. 1010. (VI. 71.)
Ηο014141114104, 1011, 4. 1000. 0111071.
1141041104. 11111.,01.1.1000. 0111. 700. v
11411104, Bonan. 0401010. 11400. VIII. 700.

, Bonon. 01011. 1010. 11. 400. VIII. 700.
,, 441101011400. 0111. 701.

, 1114. 41000. 1010. 11400.

, 1000401144. 1610. II. 404.

0414401114, 0144. Nov. 1017. 0111. 000.
00144104, 1004111014, 0104. Dec. 1010. -

0111.Ι 704.

, 01400. Dec. 1010. 0111. 071.
0011411οι, 11141144 Deo. 1004. 11. 400, 004.

 

