Kepleri epistolae. - Epistola 111 1111111111. LXI

11111111 epistolae 11 1111111111 d 1111111111 .
111. 11111111.. 1111. 1111. 1111111111.
, 1111. Mart. 1111. 1111. 111.
¹: lessbgbs·lgll(;1qinxfflghgfl·
„ [stuttg] Nov. 111111111011.

,, 1111111111. (7) 111111. 1620. 7111. 401487.
, 01111111.011.-1)11.1600.71114881.,400.
,‚ 01111. Apr. 1021. (11111111181111.) 7111. 4.
,, angl. 111). 11 11111. 1601. 7111. 48011.
1111111111 11161111 (dedic. 1111111111.) 1. 1.
101). 1610. 11487.
,, 1. l. 011. 101011, 570.
1111111111111111111111111(111811111101111111111 1101111111, 1111511. Febr. 1080. 7111. 678.
nst.) 11111. 1614. 17. 081.

1111501111 (dosunt) 11. 810. 1111011111, 7711111011. 1111. 1010. 11. 810. ‘

111111111151111111111111. 1010. 71118681. , ’ ,011101011810
11111111111111, 1111111111. de (11111. 01111111. 11111111, Tub. 1111. 1010. 7111. 881.
1111) Line. Dec. 1818. 17. 5081.
11 ι1111. 1010. 17. 070.
Limnaeum 1508. (61111) 1. 104. ¹ 1111111111,111111 Apr. 1008. Ι. 104.
1111111111111111, pragae Jun. 1000. (111111) 111111110111,Ρ111111111, 1000. 7111788.
7111. 788. , 11111111. 111), 1004. 111. 80, 448.

, Pugno 1005. 111. 80, 70411. , 11111111,1)11111.1111. 1001. 7111. 780.
1101111111 fillum Prag. 1111. 1604. vlu. 880. 1111181111,01111111711. 1004. 1. 7. 7111880.
11111ῦί11111,811111011.’1504.(01111) 1. 7. ,, calm Febr. 1595.1. 8. 7111. 080.

, (1111111111. 1000. 1. 71. ,, 11111111. um. 1000. 1. 00.

, ,1111111111 . ,1111111111111

, , 111. 1111111111. , ,1111 1111. 1. 11, 111.

, ,,81180011.1500.1.011.,101. ,, ,11111 1507. 1. 80, 211. 71. 500.

, 8111111. 18, 08, 01111. 1000. 1011. ,, , Mas. 10011. 78.

, ,11111Ι 1006. 11111. ,, ,1111001178

,, antii 1111. 111101. 10011. 281. ,, ,, 1111. 1007. 1. 87, 70.

,, ‚, Apr. 11 Sept. 1007. 1. 8111.,,781.,

2111. 17. 011.
, ,,111111508.17100711111011. , ,1111008170
,, , 01111. 1008. 1. 7011, 88, 018, 000. , 011). 1508. 1, 018, 801. 11. 001.
11. 28. , ,, 11111008. 188, 080, 800. 1104.
, „Aua 1508. 1. 801. 11. 0411. 17. 80.
, ,, Deo. 15081. 80, 011, 288, 40011. ,, 1111, 1500. 1. 47, 00, 084. (11. 08).
17. 6011. 17. 70. 7111. 014.
,, ,, Febr. 1000. Ι. 48, 00, 000. 11 00. ,, 111. 1500. 1. 00, 00, 084. (17. 70).
lV. 701. · 11. 20, 7111. 010.
,, , 111118001108.) 18001, 511, .. „ Jnn. 1000. (17. 78.)
107, 084. 17. 701. 11. 4108101. ,, ,, 1111. 1000. 1. 58, 00.
, Nor. 1000. 1. 01.

’.’ ,. 1111111111. 111. 1111111 11111. , 00t¹ 1111. 11. 11 s. (1. 11, 111.)

, hagae Dec. 1000. 1. 50.

, ,, Febr. 111111. 1001. 1114011. (11. 18.)

, ,, 1111. 1004. 11. 14 (754). (111. 04.)

, ,1)11. 1604. 111. 001. 11. 14.

, , 111111111111111111. , ,0151100011 15, 580, 704. 11100. ’

1110611. , ,8111 1010114011.

n 101001111111600.111007111770. ,, ,111.1018.11781171217111808. ¹

, 1111111 Febr. 1018. (deest) 11. 784. ,, ,, Jul. 1618. 11781140817. 121.

, ,1111111Ι 1014. (11111)11.181. 7111. 808.

‚ ,0111 1010. 71.181.(17. 548.) ,, ,1111.1111.11.111.1111.111.

3 ,01111111011111111. , ,01110117110111108

, ,1)11. 1010 11. 81 11. 111. 7001. 11 20, 80. 1. 408. “

17. 108. 71. 101,

,, , 4111-1111102011107011. (711000). ,, ,11111 1600. (111070.) 711. 000.

umnam, 011111 Jun. 1001. 111. (5), 8711. ungium, 0111111. 111. 1010. 111 (5) 404.

111111 01111111. 70

 

