· 71111111
11 1111111 Solio totali 11. 111.
,1111111111 por ioromou 1111111111
11. 1111.
11111111 01111111 1111111111 11. 317.
11 immuto loo‘o 1111111111 11. 111, 111.
,, 11111 illnmlnttiono 11. 171, 11111111.
, , 1111 propriu ll. 188, 118.
,, ,1111111111 111. “
,, ,111111111111111181
, ,ρ111111111.171,179.’
,, , 111111111111111111. 301.
t , 1111111111111111 eclipsi 11. 188, 111.
, motu 11. 131. 1111111111111. 1111.
, 11111111111111111 1111111111. 111.
, , 111111. 11. 711., 171, 111, 101, 112,
111, 111.
, 1111111111 11111111. 111.
,, Solis 11111 rotundo 11. 112.
, 111111111131, 111, 111,101.
, stellarum 1111 11. tot.
,1111111111 11111111111, retractionis
11. 170,101.
,, umbrae 1111111111111 11. 117.
, 111111111111 11. 11, 111, 111, 11111,
117, 111,31111.,101, 111.
,, 11111111111111. 1111.
7111111111 quno 11111111. 119.
7111111111 1111111 11 11111111111119, 181,
4·. 101, 110111. “
..,. ,, errores 11 111111111. 111, 131, 111, 131.
, opu· 1101111111. 1, 199, 101.
,, propos. 111111. 111111111111. 10111.
· ,1111111111 unguii 111111111111. 101.
,, 111111111111111111 11111 180, 1911.
, 111111 1111111111 11. 110.
7111111 humor 11. 131, 117.
vitrum 1111111111 11 111. Solum 11. 17.
,, digito 1111111111 11111 7111.
Vitruvius 111111111111 11111 11111.
,, , 11111171101.
71111111 astronomia 111111 11711.
,, 1111111111 11 proportionibus pnombrorum
v d. eomodssfftfigufff upplpltootonlolt 1100.
og ι111,11 111. . .
, 11111111 1. 1111. 711. 111.
, G„ 11111111 01111111111111. 111.
,, typographus Ill. 10.
Vogesi 1111111 11. 111.
71151, 111111 71111111. nonenim.
711111111111. 101, 711.

711111111111, 1. 11111, 7111. 11. (17. 111.)
7111111. 7111171. 191. 7111. 13, 11.
7111111111 motus 71. 101.

Vox 1111111111 11111. 111111117111.11.
71111 1111111111111111111111. 110, 111, 110. 1
7111111111111111111. 8111. 7. 11111. l , ,1 0111111111 1111111111111.

, intervallo, 11111. 100.

Vulgi opinione· 1171111, 11111111. 71. 1111.

W.

7111111111 1 7711111111, Martianus

Irnpontorir Rulolphi 11111111ιί11, 11111111
111111.

J. Brnuuru 1111111111 11111111 111111111191.

11 (11111111 inventionibus in ooolo 11. 111,
111, 111. 101.

111111 11111111 111111111111111111 17.121.

11 1111 11. 117,191. [7. 17.

11111111111111111111 defendit 11. 110.

1111111111 librum lieploro trudit 111. 733.

Nihili 111111 711. 717.

11111111 1111111111 Kopleri 7111711.

111111111 11111111111111117. 11, 101.

1111111 tinio tribuit pltuotrt 11.. 111.

111111 11. 111, 177. ,

volutionem lovis 11111 1111111111111. 101.

wichberti 1111 mortun 11. 110, toi.

,, mort V. 11.
771111111111111111111111. 11 1111711717.
17111111111, 1111111 1. 111111.
171111111111, bibliopola Noriborg. 71. 10.
vagnerus, postor 1111111 7111. 117.
1711111171. 119.
witot, J. 1., sculpsit 11111111 gutur. ’111.

itud. 11111111 71. 118.
17111111111, dominil Pussrppt 1111111 ll. 101.
17111111111111111111111111111 ll. 11.
17111111111111, Dux. 1 Romo 11111111 71. 19.
,, 1111111111111111711. 170.
, 1 Koploro iudicium polit astrologicam
71. 70. vittati.
, Keplorum Saguuuur vocnt 711. 181.
Vlll. 9091.

, ln 1701111111111171. 111.
Wnliunstonil gononis 1. 191, 381 11. 7111. 11111,

,, 3111111 1111111111111 3111111111. 711-

1111111 7111. 311.

, 11111111111 111111111 sunm 1. 1901.

,, 111111 711. 117, 111. 1701. ·

, superstitio 111111.

1711111111111 intoribit Kopiornt ,1111111111-
1111111111. Torrentii“ 711. 170.
771111111111. Ρ111111111 1111111111 1. 117.

., 11. 1111111111 oport ΠΙ. 111. [7. 111.

waltherus, 1111111.. 111111111111111111111
1111111 11. 111, 181.

, 11 1111111 8111111. 111, 111.

„ ‚, 111111111111.111,111,111.7Ι.70111.

,, , temporo 1111111111 17. 11.
7111111111 diligenti· L 109. 11. 111. ,

, observationes 1. 111,171,101. 11. 211,

111, 111. 71. 117, 71111. 711. 11.

, , 11111111111711111.

⁴ 171111111111111111111111 1. 111, 110.
Vulgus 111111 1111111111 1111111 11. 719. 1
' 17111 1. q. 1111111.

1711111, 1711111111, 11. 11111111 opero 11. 17.

wezelinus, 1 11111111 tonatur 7111. rot.
77111 11 1111111111 ostiti· 17. 171.

 

