. . . Ipr. 1616. 11. 611. vm. 116.

LVI Kepleri epistolae. - EpIstolae 611 1161161111.

11611611611166116 64 Epistola 64 neptem ’
8611611111, 1. 1. Aug. 1626. VIII. 664. . ’

, 1111611066. 1626. VIII. 26, 864. 8116116116, 1111611. Febr. 1624. VII. 141.

, , 66611. 1621611. 1416. 6Π1.24,668, , 6116111. 11111. 611161. 1624. 611142.

, .,1611162161617611.1426111667. , , 6111624. 61617.

, 'tubingae 71116266646. VI. 617 6, ,, , 111. 1626. VI. 618.

, 0111666661. 1627. 61. 616. ,, ,, 111. 1626. 61. 618. 621.

, ,111. 1627. VI. 6201. VIII. 876. , , Febr. 1627. VI. 616, 621.

,, ,11611627 VII. 166.

,, 61611161. 061. 1627. vl, 621. , ,, 061. 1627. 61. 662.
,011166 Nov. 1627. VI. 622. , , 2661. 1826. 61. 626.
,1161161111161611616 , , 11611. 1628. 61. 624.

, ,, 6111628. 61626. VIII. 610.

I ,, , 66111628. 61. 626. VIII. 611.

, Sagun! 11111. 1626. VI. 626. VIII. 24,

146, 616.

, 0611161110. 611. 1666. VIII. 616.
,,.66161126 611. 1626. 61. 626. VIII. 146.
0611161161] 1626. VIII. 146, 6141. , , 1161. 1626. VIII. 616.

,,16616116611. 1626. VIII. 616. , ,. 611.1626.·61.626.6111.146,612’.

, ,17661 1660. 6111. 146, 617. , , 161.1660.611Ι.617.

, ,Μ61.1660.6111.616. , , 11611. 1666. VIII. 616.
,11111 061, 1660. VIII. 146, 620.

1166116111, Ρ111661111607. 1176816641 66661616, ’11611166 666. 1606. 11. 66..

,1161616666116111666 ,61611166 Mart. 1666. VIII. 770.

,, ,661161116116186
, ,611. 1616. 6111. 662.ὁ
,, ,, Jun. 61411. 1616. 6. 11101166.
, ,611. 1622. 6111. 666.
, , ..Apr 1626. VIII. 881.
, 11,611. 1626. V. 64. '.
, „Sept¹ 1626. VIII. 866
66161111,1116.761.1617(6661116.616. , 6616116,1161161 86116· 1608
,61.61167 6611161111. 6146.
, ,111. 161711. 6711. 6. 616.
1111166111111611611. 1616611. 466. 1616161111, 66161. 0611616611468.
,11111116116111 11 v11. 111 , ,1666.616111611611. 111. 111,
,- ,11611 1616. V. 6011111116. , , 1111. 1616. 6. 68.
(61. 20.) 611. 21, 47261. , ,111. 1616. V. 66.
, , 1111. 1616. V. 62. 611. 475, , ,161.,1“661.6116611.1616. 6. 66 61.
„ ,6611 1620. V. 62. 611. 472, 476.
,,,.6611 1620. 6. 62. -
Τ. 81666116, 0161111161. 1667. 1.11. 61611616, 61166661111 11116681. 461,

, s. 11.[16681.1.26061. 216 66 VIII. 666.

, prag. 1600. 6111. 726. ’ ,6616611166 Dec. 1666. 1. 22666, 466.

, 0161. 711. 1600. (666611 1261. , , Iun. 1600. 6111. 716.

, Pras. 061. 1600. 6111. 764. , 16166111. 1600. 1. 2616. VIII. 762.

8161161 1166161166 (666. 1111116611, 616111. 661.

6161116111, 6. 611. 1604. 166661) 11. 67. 61611161116611611166066.1604116716,
, 2161661161. 1606. II. 40-66, 686. 4466, 48 66., 686. ,
, ,061.1607.111.61.(11.66.1 ,66111607 11. 66 1., 66 66., 68616,
(VII. 10.) 767, 626. IV. 120.
,, , Nov. 1607.111.62. 11. 686 66., , 061. 1607. 1160. 611106. 111611.
826, 6366.,16. 120. (611. 11.) , Mart. 1608. 111. 62. 11. 6066, 6616,
VIII. 776. 767, 860. 611. 111.
, , Apr. 1608. (111. 6211166266, , Iun. 1606. (III. 62.) II. 666, 860, 666..
860, 6616, 767. 611. 16 6. 786. VII. 16.
11111161,016116611611. 1666. 11. 406.
16. 666 6. VII. 611.

 

