LXX Ι111111111111111 - lum

1111111111111, 11111111111111111111 11111 1111111111 111111 I. 411, 488, 811.
Longonnniuni 1111111111 1111111 111. 488, , illuminat 7111111 7111. 81181.

818. 71. 11, 851, 571, 871. ,, 8111111111 18111 11 7111111 51, 88,
1111111111 V. 481. 1881, 808, 588. Vl. 4881, 811.
1111111171111111111.1111111111.114841711188.
1111111111111111111111 71. 187. , , ulixis 1111111111111.18,888.
Lucani 11111111 I. 801. 17. 781.. 881.,81. „iunia 811111 viu II. 841., 811, 881,
111118111111111111 0111111 mulleos. ,, lumine 1111111 11111 11. 17818811..

17. 180, 188, 11511, 18811, 888,

11011, 84811.

, 11 Quirini 1111117. 8511.. 884.
Luem 1111111111 IV. 118, 147,188,871111.
Ι 1111111111 1111111111 111. 418.

11111111, 11 1111 II. 485, 488.

, 11 nominibus 1111111111 11. 8801.
1111111 11111 11 astrologia 11. 888.

, 11111111111117111. 40.
11111111111111, 11111111. 71111. 11111111.

1111111111 lV. 118
[111111 1181111111111 1111111888. 71888.

11111111. 71111. ,, ,11111111111881188

111111, 11111111 7111111111111. 18, 88. .,1111111111111111111111111171811887,
Lucretii 111111 L 88. 888.

Ludi olympici, 1. Olympiades. ,11111 11 unusquam 111 IL 178.
1111111111 (1111111 probinum V. 88, 470. ,, pauni! 111111 1111111111111. 485.
1111111111,1.1111111111111.,,711181,11111111111488711188.
11111111 11111111 Il. 814. ,, Solis 111111 quomodo 1111111841
Lumen 1111111111 11 1111111111 11111111 7111.1081.,108 1.

„Solem 111111111148. 11. 88, 888.

80811. 71. 485.
,, munima nstrounmhn VL 817, Μ, 818.
,, novetur 11 81111 11711111 II. 8 111808,
818 11., 547. 71. 858 11.
,, , , 11111111 81111 71. 481.
,, 1111 111 novilunii 1111111117111.85.
, ,, ,, 11111111111111111 ll. 181.
71. 488. 7111. 84.
,1111111111 111 tubum II. 4881, 818,
888. 71. 488.
,, num 1111171111 111111 conspici 111111

VI. 488.

,, 11 1111111111 1111111111111 1111111111
111. 808. 8471, 88711, 8801.
7185111, 8871

,1111111111171.181.·

, 11111111111111111111111 moins 71847.

,111 1111 1111111111 11 11111111111111·
1111 III. 118.

„num 11111111 inin· 111111 converi-
bilnm III. 548. vi. 88, 888.

,, unm ’11111 1111111111. 158, 871.
111151, 488, 518. 71. 188, 808,
887, 8811.. 485. VIII. 48.

, gentIll’uus purgatorium 11. 187.
7111.101,111.

Luminis 111111 1111111111 unm moin 111111 1111111 11111111111111111111 118, 818, 418,

11111111111111.878.

Luminn 1111111, nunti 11111111 71. 487.

1111111111, 1. q. 811 111111.

1111 animarum 1111111111 111117111108.

,, 1111111111 111111. 180. 11. 8, 174.
711. 744. 7111. 101. ·

,, 11 anni long. 111111111111 11111111

,, 1111111111 ni 11111111117111. 117.

, 11111 1111111111111111 418.

, 11111 physion 1111111811111 1. 481.

,, 11111111, 1111111111 quomodo 111111- p

untur 71. 484.

, 111111 lusciosis 11. 158, 888.

,11111111111111111.1111111,
118,118.71.148.

,, nu· 1111111111 1111111. 118, 888, 811.
111611. 17150. 71581, 181,
514, 718.

, 11111 1111111111111111 11111111 I. 84,
411, 48011. ilii. III. 151, 488.
71. 188, 880, 888. 7111. 48.

, 1111111111 11111111 111 1111111111. 180.

418. 111. 810. 71. 811, 708. VIII. 841.

, 111111111118.

, aequitio 1111111111 111111 71. 888, 888.
,1111111111111 71., 48. 111. 47, 848.
711 470, 518, 547, 878.

,111111111111

,, 11111,11111111111111111111(1111111’11111)

. ΙΙ. 177, 417. 71. 4881. 481.

,, 1111111111 1. inaequalium 111. 811, 874.
11. 1111111111, 111, 111, 181
711. 488.

,, 1111111111 11111171. 8871.

,, 111111 11111 71. 4881. VIII. 88.
„apogaeum 1111111111. 888, 488.
,1111111 111111 111. 487. 71. 881.

,, 11111111 moiun 11111111 quum in 11111111

,, 11111. 871. 11. 888. VIII. 58.

,, 1111111111. conliguntiunen 1111 pinnatis
11 8111 111111 11 morbis 11 18111 111111
lom 6011 VH· Mla

 

