1666166

6666, 1661 1. 101. 21. 81811, 86611.
211. 811. 2111. 868.

661616166 1166166161661666666611116
v1. 61166.

6666666 typographio! 21. 824, 888, 686.

8666666 6666616166 66666 6666166 61
666616. 066616. 21. 642.

11661661 66616611616 66666 6666666664
21.121.811.

1116666661 116616616616666666 6661166611
11489111. 612. 211. 818.

661116 66666116 166166166 (6616666166)
211. 871. 2111. 117.

quo 666666 66666666 6166616616 21. 620.

IIII ’.111111111111111
IL 128. 111. 19, 619. 12. 111. 21. 26,
88, 42, 611.

, 66163816666611ἒὶ66666116616 111. 619.

661666666616 61166661666166666 666666-
11621. 684.

6616111166 16 1166. 11666666 6 1166112188.

8176166666666166666666666166 1. 106.

666 1611661 61666166 06111 vol 861666
21. 826, 892.

1666166666 1164. 2666661616
21. 681ω611, 617-121. 211. 409-
182, 681, 661, 669, 810.

,, 16666616 (,86661616“) 661661. 2171166.

166616 geogr. 1166. 666116 (,66666 6661166·)
21. 698, 681 6211684, 810, 2111920.

, 6661 166116, 66661166 661. 21. (616. 21. 681.)

1686166Υ Ι6166611666 6661666116 6616.11661661

,, 6166666οηὶ666 666166 2. 608.
1661166 66 Augusti 6666612. 194.
,, 66 66116616. 69. 11. 814.
· ,, , 6616666116161. 682.
,, -,, Ptolemae· 21. 89.
,, , 81166612. 181, 801.
, 6111666 6 8661666 6116166 1. 622. 12. 121,
210, 880, 441, 476, 618.

166111 1116166. libri 1 translatio 16 1166.
gem. 6. 161611661666, 6166 6 nno
16666166 6. 1826. 2111. 898426.
(61. 21. 689.)

,, 11666 1611616616 66111 1666161 12. 4016.
„ 66111611 6666616161 16661. 6166666616
6661166616 6 11661666 2111. 199 66.

161666666 66 magnete 11. 882, 812.

Τιῖυἷξεὶἷιιιᾞηὲῗιῗὲ, a· 001. 6666. 111. 666.

1666666166 (16111616, 1666666666 1666161.
12. 126. 211. 804. 2111.148.(866-
11666 1666661611 6666166616 26661661
66. 6666666, 1661166 1616661666, 8616-
gnomonicae, 86666616, Apologia
666 1166166616. 166. 8666161666 616-
166611.)

mm 666-6 6 uphem 6. 666, 666.

11. 66, 666.

nvn

166666616166611 6161166 ,1666666611 11. 818.
2. 199, 747.
1666661166 6666 16 61666666616211. 682.
16661166, 6661. 6661166166, 166161116666
66 0666616 61 116666616 16 8616 116-
6166 typis 166611 1. 87611. 791.
211. 866.
,11661666 116666 1161616661 66 666166
6111111. 876.
,, 66 616116 6666 6. 1804. 11. 604.
,, , typographorum 666861611. 791.
1666111 6616666666 16 8661661 116666 66 66·
666116 211. 18. ,
1666161666 666166 8161166666 1. 681, 868.
,, 66211611166160611666 11. 899.
1116666666 111. 161, 468. 21. 192. 211. 602.
166666 66611 11. 928. Ι
16616166 66. 16666666 116 666666661161611401.
16616616 66661666, 6116666 II. 211.
161166, 16611166, 66 6666116 11. 204.
, , 66116666 12. 18.
, Hermam 61166 2. 182.
1666611166166666161. 882, 862.
16661, 61661, 6666616666 616661116611. 888.
16616, Goth. 66, 666 11661666 6611 66 661161·
1616 2611666660 2111. 846 66.

. 161666661166666666616611. 109, 886.

166666666161661666 66616 1. 822, 861.
1666666666. 1186, 1187. 1. 849. 61662.
1. 406. 66 6.1696-1609. I. 1, 818,
840, 8646, 826, 404, 482, 464, 487,
688, 804. 11. 808 6., 648, 682, 1206.
111. 460. 2. 29.
, 66 6. 1611-1629. 211. 618 66.
, 6666 61 16166 6666616166 61166166 1. 468,
46166. 618.
1666661616616616116666, 66661. 866, 604 6.
V. 288, 286. 262 6. 21. 289.
166666 661111666, 661621. 481. ,
16166616 1611166 (6666116616 6666161 1. 1846.
12. 128. 21. 296, 681. 211. 184.
,, 61116 6666666111 21. 118.
16666666 6666616616 21. 208.
, 16 666166 2. 417.
, 1. q. tempestates 6661 21. 288.
16666666 6661666666 21. 492.
, 66666166 6 01661616, 666666 16666661
,, 661611616661166166611. 882. [2826.
, 6616666 666 66666616 6666666116 21.
, 6666611616 61666616 16616 666666166666

21. 664 66.

’1666666666 6116166616 6666666116 Π. 166.

, 6166666666 166166 11. 811.
numum, 11666. 6666666
66666166666161. 81011. 802, 170, 811.
46166666166 Nom 11661661 6666666 quui

judex 11. 84. 111. 114, 444. 12.111.
16 86166166 66611 2111. 716.
661616166 66 Augus· 66666 6666611111 666
11661661 1661116611 2. 68.

mmm mm 11. 666111 66, 66.

 

