mn lliolrleri-
8141144141144,11441441 44444444141Ῑ1.8.
8144444,444444144144144444444444 de mette
' 8441441 refert 44 44441114444444-
mum stuttg. 1111. 864 4114444444.
81444, 04444414 444411144144 Il. 474.
8144444414, director 44444444 11114111. 78,
Eireneolmld 44144414414414441441418441
44411111. 801.

, 44 414 1444114 44444114 111. 8014.
8144114444 astrologicae l. 818. 111. 417.
8144144444 conventus Norlurbergee 1111. 888.
8144444141. 441, 11. 688. 1. 111.
814444144444 motor reguleree 111. 116111.
Elementorum numerueV. 448.

Eleusine 44444 11. 418.
81114414 4444441414 geometricae 111. 40144,
4011140811, 470.
, 4444444414 globo 11, 484.
, uentrem, 1441 11. 408, 418.
,, 4444144411411. 181.11. eet.
,, 441414444444414111. 148, 84444.
, pleneterum orblr(llepleri lex 1.) 11. 886.
111. 40144. 11. 40144, 614.

, plenum 41 elroumierentlo 11184444.
11. 448. 1. 411. [181.

, 44 retreetlonnm 4444444444 14441411

, 411141144 444114 mensure motuum 41444-
1441444418. 144 ll) 111. 404 44. 1188.
408 4., 478.

81114444 eb 444444 84114 444441414414 41444

11. 86144.

, num ln 14444 theoria neeeeserlee 1144.
1114444114 4 4444141444, quid. 11. 118, 141.
8144414144 111. 407, 818. 11. 14.

Elysium 1111. 100.
8444444411441.84.,14,11.1”11Ι.881,884.
84444414 siderum eSolie 444114 11. 1884.. 441.
Empedocleo 44 4411441444 11. 811. 1111. 81,
,44 figure Terrae 111. 184. [84, 87.

, ,144411.146,148.

, temporie initium neget. 111, 744.
euellitillirllll'lel: 1211.. iii:
8444141144, Lib. 11444 1, 848. 1111. 844.
8444444414441. 888. 1. 187.

1144444441 44114 44 oireulnm 111. 418. 1.111.
84411444, 4444411. 1104114444. 1. 118. 11. 744,
11444144, num 44414411. 41. [814.

, 444 aureo numero 11. 11.

8444444444 11. 487.
8444444144 ludaeorum 11. 44144.
llphemerldee 11441441 1817- 1680.
111. 441- 868. ,
Praelatio 4404414111448.
444. 1817411618. 44414. imperet. 1441·
1414418471411.
, Nepero 111410
, Procer. Auetrlee
111414. [487.
, rtet-mee „ 114044414414111.

, roeo
„ 4444-4444

84114444.

8444444444 14 4444441117 1444441441 144·
41444444.181814 mee. 4414144
, 44444444 1811411818 441144 perverto
44414411401.11.104.111.481.
1111. 847 44.
,, 4444414144 44 4441414444114441444-
gioum 41144414.
, excerptae ll. 101, 774, 784. 111418.
1. 478 44.
, 14 114114 desiderentur V. 414.
, 444144414144111441444444441114414.
(414. 1111. l.)
, 14414 11441441 44444114 4444444144
111. 884. 1111. 4. .
, 4414444414414444444444116441141411484.
111. 811, 444. 480. 484.
11444444, 4444444144. 4.(144. 171. 4444.
84144444, de 4444 11. 111.Ι [111. 18.

, Pythegoreeornm 41114441 186.

,, 14444414 initium neget. 111 744.
841444441 4411444441 de orto neree 41[41144

11101481

84144411, 8441441111. 181, 181,-874. 11444,

, 1144444141 1. 118, 110181. 81181,
111, 874. 11. 411.

, oum eeeentriole 4444444111. 111.

, Η14444411111.474.

,, 444144 1444444114 veteribus 11. 870.

, Ptolemaei 1. 11011888. 111. 178 4.,

874. 1. 814. 11. 848, 441, 444,411.

, rejecti 11. 801.

, 41144 41444 punctum eequelie 444144
8414441414 dietum 1111. 18. [111. 187.
8414444144 44 4444 0441411 44141. 41 44441444

(ihr. 11. 101, 461. 1111111.

, , 444141444144 11. 404, 411,

441. 11. 148.
841444444 communie Arabiae 411444444444
8414441 elgnldcentur 4141114 fixio 11. 484.
84181οω118141441 44 84114 deliquio 4. 44114414.
8411444444 441444441444444 4441414444 11.
epitom 44144441144 044444144444
1818-181811. 114-810.
lneer 1144141444444. 114. 817.

, Prooemlum 44114414 11. 8-111.

, 44 44141414441411. 308.’

,, 4144444444 414. 41444444411411. 10.

, temperetur 4414 enemente librie de

04414414. 11 804.
, 444 sermo queeetlonum et responsionum
4411411411. 118. 1111. 1018.
, 1144444 418144441144444114114 l. 114.
,4444444444 144 844 11. 811.
,, quomodo et quondo 4444441414 11. 401.
11844, 8174, 641111. 416410.
,1441 1414 11. 1144, 114, 808, 8174.
, quo pretio 4444114 11. 48.

 

