 

1117 1766161111 - 666161

m

661 66666161 71 304. Vll. 166. 616616 6661166117. 663.
system nuntii 66616 explieat 71. 71, 60811. 6116661 montolium 1116 6666116117. 67061.
116166 ntroin. (1. genesis) 66661 61 116- 6116 1661116, v. 166666.
611611 16161 16 66661161 l. 646. olo 61116111166616666661161661161616111716.
16 16661116 revolutionis 166661 i. 618. vitu 1666 6111616 6166111611 1311. 7. 17666.
theologo: 6666 16166611. 11. 77611161Μὶ661 66 generum 616661661161
66116616616 611166166161. 616, 61, 116. 6. 1617. 11. 401.
ll. 606, 666. 17. 116. 7. 60. 71. 19. 66176666616611 11111 61 superstitione 7111.
’16616666 66166161, 1116111661 studio 66611166, ,, ,661666 7111. 366, 866. [646 66.
661. 1689-941. 106, 696. Voluit 16616161, roo. 1614. 7111. 866.
111. 609. 7111. 67666. 771166 61166 7111. 670, 761.
, ,1617. 66161661661166. 771116661666616161161 166611116117. 70.
6666616617Η116 71. 617. 7161611616 66166161 67.061. 1667711. 646.
‚ ,,,1660. 71. 66, 698. 16 61166666161661661661111 1. 1696.
, , , 166161166611166161661611- l. 64, 100. 7111. 688 61.
6616 insidiatur 71. ti. , , 6.1617. i. 661. 11161. 711. 660.
711. 699. , , 8661.1660.71.698,666.(711.866.)
, , 1666, 661 66616 6166661 7111. 669,168.
6661611161 161661 71. 16. , , 661. 1661. 711. 666. 7111. 366.
11611616166111616110111161661, , 11] 1666. 7Π. 668.
,,1]11666.1667 vitio. „ , 11666116 666116161616007111767.
tubum 66116661 66616616 6661111161611616- 1761116616616111 principibus 611616 666 offert
11616 1116611111111111111.161.66166111.
,, , 666 adhibet 16 6666166666 Θ
dimetro 7Π. 616. iiepieri
,, , quoium possederit 11. 161, 7866. 6661661116 66 ”trono-oo 66 6611661 86116
66 7666666, 6. 81666 11606. 11. 688, 666, lli. 76666.
16 ’1661661166111661 ii. 606, 691. „do α1111116616 V. 360.
typo· 66 6666666616 61 Tali. 11611. 61661166 ,66 bibliopola, 1111166166 6166116
66661 71. 619, 667, 666. 1196. 7. 8.
, 1166661611 6611666661166611166116116 , , theologos 116 7166616161 6616666666
66111, 6. 1166611. [11. 80. 1 177 6.
, ,, 06116161 Prono 1661666661 66111 aequales 7. 177 66.
716166666616 1111161 1. 1616. 7111. 866, 866. 66111616 16111166666666617. 60666.
ulma 66166161, 661. 1661. 7111. 4, librum 616616 06111661. 66.
ilo 6611661666, 6166611661 77611. „nominemus v. [661611 uxoris 166161.
16616166711688,716.1166.166616 161111 6111616166 1 101 VIII 910. 94666.
661666 6. 1)66.1666-1766.1667.ι61666666661661.11.66.96, 610, 617
V. 666. 71. 61916. 711. 61611. 1118. 7119. 71117611. 861.
, 1616666616111666111 6166611166 molientem 16 iiim 6161. 7611-
16166166116611161, 61. 766. 1667. 6166111. 866-868.
711. 616. annotationes 66 8161161 1116166 l. 169.
, tique 666 66161, normam 6661611166 , 61 0166111666 11. 169,176.
ot potitiorum 11116666. V. 61766. , , Ρ16616166611. 64, 96, 106 66.
711611 proficiscitur Prooooiurium 1616.-66. astrologi· 166111 66 66661. ll. 609, 616,
sept 1667. 7Π. 616. 706 66. 766161. 71. 48966, 7176.
6616 Urso 166666111. 667. 71116691, 987 6. ’
Unum 61611 1116161661 6666661661616 retinendi 16116116166666161666166 6611661666 7711966.
exemplar 661616161616 6 6666161616 1611666161661616116616616111611866.111.666.
,, nimium 1166111660, 666. [lm 601 astronomum 1616166166 666666166661 Euo·
1616161116 ιωμυηιοιῖοιωήριιιι 111, 616111161616 661.
666.111.64.16166166666 66111. 6166611616.
uxorem 16 styriam 1611111, inustio-tio 66666 1161 86661666 11616166. 71116706.
6.1606.1.661.11.79.111.419. [816. ,, 1111161666 Vlll. 699.
66616116 86166166 ingenio 6116611666 Vlll. 1611, 6166161666 666611116 61661666 7. 666.
victoum 6661611811116616161661611. 7, 696. Vlll. 606. 671.
, , 6 6166. Lino, 17. 619. 6166611666 616611 obsigna· 6. 1666. 71. 60,
Viennam 6166616611616.1600. 71676. Vll. 14. 666 6. 7111. 891, 898.
, , 6. 1616. Vlll. 866. do Β16666 1661611161 7111. 718.
7166666 61616161 66 061. itit, 16 166. 1666. m 616666 11166 7111. 767 66., 761.
71. 48 6. 711. 6666. 7111. 666, 696. , ,, 6666661166 7Π. 166.

 

