1111111 1111111111. - Epistulae 10 Koma. LIX

’1111111111ωο 1111111111-
11101111111 11111111 110111, stuttg. 1110111000.
I. 7111.
, 1.1. 11 1. (c. 1. 1010) V. 010. 1111111111, 1111111 Aug. 1001. I. 10. ’
0111111111011111011. 1001. 1. 411. , , Aug. 1010. 11. 107.
, 11111111. 101011. 101. 011111011111111111 Δις. 1000. VII. 000.
, , Sept. 1010. (1111111111) 11. 40011.
..QmAEQm
, , c. 1111. 1010. 11. 100, 401.
..mmmfflmm
, , 1. d. 11111 1611. 11. 100. VIII. 700.
0101111011111. I. 111). 1010. (01011. 011111.
Pan.)1v‚485.
0111111110. 111111. 0100111011. 1001.
nm. um
,1111 111. 1010. (01011. 1111. 111111.) x ·
01111101111111. 111. 1004. (111. 0111111701. 0111111011, 1111111110. 11111111. 1111111.
0111111111, 0111. 011. 1001. 1. 000.
μηωωπ1 .
Gentem-gerum, 11111111, 1010. IV. 417. 011111101111111, 111. 1010. IV. 111.
0001111111111(010.11111. 1011111111.) prag. eringnnotm, LIness 011. 1017. I. 001.
Sept. 1000. 1. 000. ,, 1111111 111111. 1101. 1010. 1111. 010.
, 1111111011, 111. 1020. VIII. 870.
, 111111110111. 1000. VII. 400.
, Argent. 011. 1000. VIII. 070.
0011111111,111111 1111. 1000. VII. 0101. 0111111111, 0110. 0101. 1000. 111.010(01111).
0110111111,1.1. 11 0. VIII. 07.
111111. 11111111011111, 0111111111. 1000. 11.1114111101111.0111111711.1001.1.7,000. ’

(01111) 1. 11., 000. , 1111111. 10. 1101111. 10001. 201. -

, 011111 o. 111111. 1000 (01111) 1. 07. ” , , 111. 1000. 1. 07.
,111111110101111700 , ,1151000100
, Idne. 1111. 1010. VIII. 80111. ¹ , , 1111111111. 1001. 1111. 10011.
, ,111111010111180011 , ,1111 100011. 04.
’ ,, ,, 1111. 100111. 010. vm. 770.
, ,01111 1010. 1111. 001.
mmmmmmmm
01111. munsterum, Pugno 1111. 1000. sm. 0111111011 (111111), 111. 011. 1000.
11. 100, 001, 0001. (111. 0.) 11. 000.
.. ’110.1111. 1007. (11. 007.)
111111111111, 11111111. 011. 1001. VIII. 701.
1111111111, 111111 011. 1000. 11. 011. 111111111, 11110111 1111. 1000. II. 71 ι.
, „Aug.1⁶0⁷.11. 701. , , [1110111111. 1000. 11. 701.
, , Sept. 100011. 70. Η1011111111111,1111111 t 1017. 1111111.
111101111111, 0111111. 1111011. (01011. 111- ,1111111011 101011. 111.
011111) [011111] 111). 1000. 1. 071. , , 1111-011111000. IV. 174. m.
„ammam
, , 11111-011.1111.1111.111.
, ,1111 101411. 0001.
, ,011Ι 1111111111.
1111111111,οη1110111.1007. 1.00.11.7011. 1111111111, 1111111111, 1111111 1007. 11. 70.
, (111111 1111. 1007. 1. 01. IV. 0011. (I. 00.)
,,10111111ω1 , μο1111111
, ,1111111111111111 , ,0111111111111111
..1ωωπα1ωηωω ..ὼωωψηωωωωη
, , 11. Apr. 1000. (01111) I. 001. , , sm. 1000. IV. 00. (1. 10110.)
,, , 11. 111). (01111) 1. 004, 110. , Mart. 100011. 07. I. 410.
, , Aug. 1000. (01111) (V. 00). , 111110001001. 11. 107 (014).
, stmwwmmwww „hmmtmm.
, ,1111 1000. 11. 010. 1. 00. (1. 70. ,101111111111
11110. „ „ 011111000100.
, ,1111000 1701. 11010. lustau. , , 1111. 1000. II. 011. (V. 00.) LII.
„Prusa 1111. 1001. (01111) 111. 001. , ,11111100011110171 ,

 

