LXXIV 5155501551 - 1155511151.

· molinos flsosiiini
15 pusionibus 11. 881, 888. observsiiooss 11. poss, iii. 558, 55055.
5155515555 1151551155 55555151, 51 Prodr. ‚, diametrorum Θ eij) 11540.
55511555155 1.20,1555. 111.58,105. ,, 55511155 711. 150, 242 5., 280.
politicorum 55555 555555 Ι. 58. , 155115511555515551155115511. 854.
15 25515555 11551551 1. 20, 25 51 poss. 555115 15 0155115555 551. 1. 52017121,
, 25515555 5511 addiderit 1. 2055, 55, 2115. 270, 517.
2551555555 ’1511535515551555155 55551 5551155515 astronomia 11. 545, 554, 568.
Ι. 24 55,, 100. ’ 555151555155555155 VIII. 5485.
,5555151 Tobingsosi 5555555151 1, 22 s. 1155511151 555551. 8, 205. 7111. 582.
, 05555515155551,555151551555111555- 115551155155 555115555 71. 105.
posuerat, sojangsndom 555551 1. 55. 15115515 15115155115555551151 851.
sio 2551551515 1555115 1. 21. Magorum 15 0555515 115155 ii. 512.
,, 2151555551 observationibus 1. 172. ,, 5555155511. 708 s. 17. 257, 047.
,, 115555 5551555555 1. 87. 1155155 ceremonia 7111. 45.
, remotionibus i. 200. ii. 00, 225. minus, Joh. 451.
015511511755551155552551555511551551551· astronomus Bononiensis i. 55, 277. 111. 5.
jungit 1, 20, 25, 27. 111. 250. ’ 7111. 580.
,, oigonomstrism 5 11551555 55111 L 7. 5555155155 1511155 7111. 851.
ds Rislioo i. 40517. 121. Vi. 18. 15 4515555515555511551551 iii. 87, 404.
15 55115515 segnis 115, 55, 225. ii. 12 55,, 55155 Ρ5555551 offensos 17. 112.
7885. 111. 40. 71. 80. 7111. 075. 555 555155 5551115555 osio 1. 224. 111. 57.
1555115 51111511551555515515515 11. 22, 00. 15 055151 155511551 1. 224. 111. 404.
,, ,, 1155515511. 044. . ,, 555155515555555511. 518, 547.
,, ,, 15555515555115 ii. 784 s. , (155555155 i. 85, 204. 7111. 850.
80155ῗ1ᾱο0510150οα05ῃοξ5001 05610551 11551555 π Ερὴῗῖῗίπιὲἱὲυέε Μ ΚΨΙΜ «undu
55151111. 215. (oi. 225.) 111. 570. 15511 111555511555511555515515 1. 088. vii
15 515115 15 5551555555515515 11, 754, 754. 15155 Gsiiissi sdversarius ii. 452. [447.
,, , 5555 15 cygno ii. 754. 1155111 5555555155 ii. 452.
, , ,5. 1572. 11. 704. 7111. 847. ,, 55515155 555155 8511155555 {mosiis 11.
, ,, , o. 150411. 582, om,- 820. 15 55515 5515551555 11.Ι 455. [155.
,, 5151115 5 5551551155 omissis iL 754, 764. 14551551 5515151555 5111 1555551851. 71. 872.
, 151515 55555 25515555 5115555151. 755. 711. 182. [555.
,, Tenos 5515 51555 snm 71. 180, 540, 550. 15 lonso. 1111. 15155 115555 5111551551. 71.
sosoiogos Tubingoosss 51155111, 5515575555 ,55151551 1155515151 1155155 15 5551511555 5111-
551555551. 57. , 1511555 5511555551115511. 415.
15 555115 15555511 sio. 25115555 i. 58. 1155155515555115555 55555151111.211,501. ,
. , 115551. 282 ss. 1155115 11555155 55115515511151555. 5555 55-
, 7555515 5511155 i. 170. 11. 451. 711. 580. 555155 11515555111155 5515 51155511
75555555 51555551 1121151515 551, 5555 ’ 71. 872. 711. 570.
11. 705. 55155 555155 15 55515 1555511 1. 224.
, 511155155 51555551 conjunctos 11511. 15 0515555 711. 445, 145 5.
711580. 2551555155 11551551 5551511 11. 558.
515555515551551555511155 11, 225, 500. 111. 450, 404.
15 55515 1. 188. 15 555551151550, ii. 45, 57, 400.
“ , messioni ,5555 novos.1604.11.sss,sos,oss.
ohroooiogios 515115 17. 70,120, 120, 270, ,, Taprobane 155515 111. 458.
425, 441, 517. 71. io. 1155151
dissertatio 15 5115511155 oto. 1.,105. 51 1155555151 1555115155 5555555115 1. 240.
, cis 5511551155 Ι. 175188. 11. 10, 05, 1151555111551551)5551551.555.
515555111. 570. 51155155 solonius quid 555551 11. 581.
, ,, 5511155515551555511.5555.111.555, 551515155 51 11551. (711. 482.) v. Kopl. 55.
551. 7. 475. 7111. 84. , 51 0511155555 11, 400.
5515555115 1. 170. 111. 217, 475. 7111. 540. 1151555τί155 ΙΙ. 758. 111. 204. 7. 572.
5511555 451555551551. 200 (188). ii. 1575), 711. 448. 7111. 581.
425111, 255, 478. Vl. 15, 540, 555. 5515555155 555515555151. 588. 111. 5, 87,
7111. 550, 451, 500. Vi. 20 55,, 557, 872.
libori 1. 50, 55, 501 1. lilii, 755. 111 820. 711. 444, 482, 405, 570, 575.
μω, ι 312, 55555 555 15 long. 7555115555 711. 445.
1511155 eorporis 7111. 48. 1555115555 5555551555 55515555151.845.
5555551515 Ι. 55. · Ι 225, 240, 2845. 7111. 550..

 

