3111111111-81111111·

1181111, (8) 88111111188118 11 8181
111118 11. 818. 8111. 108.
8111111881 81811 18181118 1181111111 11. 818,
888.18.848,188. .
1 8111111181811111111811118111111118·
881111111. 8801. ’ 818.
Ι, 4111111118181118 4.’
1 8181 18118881881111111111110.
,, 88111 dimetrum 111111 811111111111
11. 817, 844.
1 de 1111111111 vl. 881. 888. VIII. 871.
Ι, ’111111 1811811181111111 18811 4800.
81. 414. 8111. 117.
8111111881 11118118 88111111. 488. ’
,, 11111188111,81.1081.. 484, 808.
, 111188811118111. 8801. -
Α . 1110111111111191ἐὲ188111111111181).
u Μ · 1 1 ·
: 8888111818... 111. 1..
, 11111111. 818.
‚ 1111111181. 414.
’ , 1888118111 111 eclipsibus 81. 888.
8111111111 11111111 111. 118-881, [1881.
Prooemium 111118111111.
, ,, 181811181811111111.818,
8171. 81. 8.
, ,, 8811111111 1881101881
11888,888,488.111.888.
1 ς ῙΙΙΝΙΜῙῙ mmm 080
11111 111. 811.
‚ ‚‚ 1811 11888181 11. 471.
1111881188. 81. 8,
88 811. 878.
, ,, 1111811111818881811-
8111111 111. 80. 1881,
. 474,488,818,188.8.48.
,, ,, 1181111881111111.
,, ,, 1181811181 111 111118111-
811 11. 484.
811111881 1118181. 888.
,1111111888111111181111118488
111. 818. 811. 818.
111118811111 111 811811 1111181111811 118.
1. 808, 818, 81. 888. 8111. 888.
111111 1881811111 11. 888.
8111811111, Aug„ 111181 18811118. (11880)
1811111188111114111111111181841.
Η111111818111811811118 111111. 8411.. 888.
8811118111 11111111 8118181111 I. 888.
· 11111111 18 41181118 81. 188.
Hispanorum 81181111111 Il. 181).
88181111 818111111188111118111 1111 118111-
11111811 11. 780.
1111181181 11111 811111811111888111118 11. 181.
81111111 181111111 1. 811811 81111.
Η1111111,1)18111,11118111111811811.18111,Κ111
111181 1818188 11111811 81. 181,
78. 18. 817. 8111. 801, 848.
, 11811811 1181811111 11181111 81. 81.
8111. 807. [8111. 801.

,. 11111148811 8181811111181. 8881. ,

xuss

118181111111181111111. 1. Ihm 11. 814
111111181181 1. 8181881811. ,·

1111, 111. 8111. 188.
1181111118, 1.8.,1..Β. 111111. 8118111811,
11111111 1181118111. 701, 811, 181,
788. Η8111111 8111111111 td 11111111·
1111 8111118818 1. 101. 8111. 7811
, 11111111 &plorum 1111881118 1111.
1. 844. 11. 180. 111. 881. 81Π. 748.
,, tophum 8118 Trahunt 1188111111
8111. 888. [718.
Η1ὴ1111 11111811181111811111.-1800. 8111.

, 1111 ab 1188 1181811111 11. 888. 81118001

8881118111,Ρ11111,1811118111.,11111111111118
1111188118) 111 181181 8118111111-
8111 VI. 18.

1188818111, 1. 111811.

1188111818111, 8881111 41111881 81818111
11111111 8111111 (11811.14, 188, 808.
81 111. 811. 140. VIII 888.

11881811188181 11111111 11 48111111111118111
11111111 8111. 141. 848. .

1181181888, 811111, 111111 111111 1111111 11
1111111811 1. 887.

88111881 1. 811111.

1181111 11118111 111811 8111. 188.

8881818,1181111811 81Π. 884.

11111111118181. 8111. 11. 808. 81Π. 888.

,, 111111111111118111811181111188 4118181

881111181111 1. 804.

, 1811111111 11111111 8181111 188811111111
11881181 111 811811111 VI. 188

,, , 8111111881 11. 811.

1 8111118118 1811111111. vl. 188.

,, 81111111188818181811 VI. 808.

,, 811 8111. 88, 88, 100, 108.
1181111111, 11111 eruum, 81111111118 11111·

1881111 111111 111181111 18. 18.
11881118 8111811 num 88181118 111111 8. 18.
uno, 11 111111, 1111111 8111811 11181811-

111 8111. 100.

,, 1811111 1181111111 11. 881, 188.

, 8111111811 8811 1. 188.

,, lul 11111111. 804, 188.

,, 8818111111 8111111 8. 14, 487.

,, 8111 81111 11811111811. 888. 11. 878.
1111111811 8811111181 18 111111 momento 1111-

11111 181118111111 1. 88111, 001.

,, 1111111111 8811111118 18811111 111811-

fflffl Ι· we· 1¹· ²²20

, 1111811 1881111111 1111 1111111181

I 401, 807. ’

,, 1118 8111188111 8111181 I. 800 11.

11. 11811. 8. 88. 11 1111181.

,, 111118 1111811111111118111111111888.
Homine· extra 1188111 8111111 11. 481, 800.
11811811 11111118111 1118111 11118111 8111 ,18.
Hominum 1181111118 1181811, 11111111 1111111

11111111 I. 888. [8. 818.

1 “Imm mm 81181181 1· 1711

 

