0776677 - 0616667

erogari 661776167 aii 1766167667, 7. 17761. 66171.
Ι,116771 668. 71. 88, bl. Vll 18.
, vaticinium politicuml. 668.
0766166, 7177717667, proi. 'lubiageoaia 176676·
7667 66677776616177717.787. [mi
,1766167667 77671 pulchram 16766667 7177.
, ‚, 77767761, 676677661161668177166
...7177717771 17917676.
„herneggerllrgentorat auriensi 680.
„in 067117 67766776616771. 78.
„de (iringaiieto l. 668. Vl. 18. 7111.
, , , 8661677061767671761861,
,, , , 8677666167. 68.
,, 716616767616677666 61767777. 78.
,, Llooii moratur 61616. 7. 477. 7771.
, de monstro Herreoalaanai V. 86. [887.
·, 6667 Papium trienninm 7776767777 77.
at. 7111. eiii.
, 76 0767776 7117. 888.
076717 epistolae, v. 1766167766767.
crystalli 7677776771. 760.
,, gravitate 67 retractio 77. 78.
0777676667777 76 6611677 1686. 71. 888.
¹ 06667, primum corporum l. 17, 188 67., 77.
664. V. 877, 688, Vl. 111. 818.
0661 duplicatio (problema Deliae.) l. 86,184.
,676677671878
, 6667767. 688.

0666676776 (06166671611. 688, 668. 7777. 68.
06167 mundi t 888.
0666, 76 horologilal. 88.
0666167116176777767117. 884, 888, 848.
06671 pretium 7. 68.
Corio, 86611. t. 848.
0677677766, quaa laudabilia 71. 807.
06776776, qulii Vl. 486.
0677767, 71667166 (1.66777786776176677776176
hiltine.. 6667 11661676 667 66777. 767-
66767 71. 688 71.11 86766.
,, 77761677 ellipsin cum Ptolemaei aequante
conciliare 61676171681.
,8661776677717767766111 66177711. 6687.
, 1766167667 67 177676 cathol. 77666776
17667 61766676 66776167 7717.
807 66.
, , 676667 76 scaligeri 17676 76
acquiri. anticipat. 7111. 874.
, 76 776. 7777761617. 67777666 71 688,
,76.77 17676166. 617661776 7666 6667677
„Tyehooia Hiaioriam 6661671667 editi.
181 71. 688, 616.
0671167,.7666667, proeanoeliarloa imperii
7. 888, 886. 7. 687, 688.
067177, 7., 66171616 67 7766617667 l. 888 7.
07777676 67 mandi 67761676 adhibitam
1. 1887, [77. 877.
077771 67 77671 ratio 1. 11,188. 7 684.

XXVII

0666677, 0677766117, 06667616167667777677.

186. 7117. 666.
,76 66771 67 reati rational. 188.

. , ”lineam 7767667 77677 circulum 1611611667
,, 6761176 66677767 7776677 11. 480, 608.
, Terram mobilem 716177. 186.

066661 bibliotheca 17. 7186.

0676167667 7177671677 186.

(lyciae acxagenarlua Vll. 678.

07671 76717 117. 688. 77. 81, 61, 148, 466.

71. 488 76.
,7666667616677 480.

(lydiae, 76 6617677666 il. 811. [77677.

cygni constellatio ll. 768 7., 886. 7. 816116 ’

07776777 17. 668, 678, 670, eta. V. 680, aaa.
Cyprea expugnata 711. 86, 188.
Gyri deprecatio 11. 784.
,, initium 77. 186.
0777766716 7. 188.
07777766 76 6676671677. 68.
cyrenius 7. 667776767.
0766767761167177 7767776776 77. 64 a.
„ 76 776686666671767777661671717468.

0677776676 767 777776 7117. 48.

061667666671776,6766667661667 17661771 176-
77666666 erigit 7117, 886.

06666716 Graecia 17. tta

076766 667 67 reiraetlooea 777. 876.

Daniel propbeta lV. 188, 7. 68. 777 116,
701, 80866.. 7771. 88867.

06617 6616671. amand. 17. 4.

, Daotlaci longitudo 77. 84, 46, 666.

06666166 71 878.
06776717. 1886. 717866. ,
0667667167, 0667776761. 676161766676767.
(mort. 616807 6717 86677777 opera.
1. 747, 806. V. 87, 88. Vlll 146.
, 7666677 Hypotypoaea 6777 7177. 684.
1166766777 7666716176 horologii Argentorat
, Opera Vlll. 146, 668.
0771777 Psalmi 1. 87,·71. 817.
0767666176 7. 88 a. 71. tio:
Dcckerltra iv. 688.
,, 76 01777771 67766 natali IV. 61717.
, , 11667671 chronologia lv, 446, 688.
,, 666176 scaligerum iv. 44767.
06677711 epistolae 717761. 66.
0661166116 plani, qaid 77. 878.
, punctorum 6617677666 71. 881, 88877. “
0661766176676 66676 71. 888, 887.
,, 86177 6666 71. 648.
06617677766676 67766117. 0176611.
Decretum 6661111617 contra 0666761667777. 666.
Dae, Joaarree, 77 616117 61678. 711. 146.
balanna 7. eirooloe
0716666 176776 777 7866.

 

