1111555 - 1151151115.

5551111555,5111111.511. VI. 503.
911551511511551511455555155515115111.
Dissertatio 8eum 555515 sidereo 1610.
511511115 55115115 11. 449 51. dedicatio
,1511155 11561551 11. 481. 5515515-
155 admonitio II. 488.
quando 5511111. 451.
quae 5551111511 II. 4511.
Florentiae iurtim 515515 li. 459 51,
9155515111515515151. 192.
95115115 qno adminiculo 1155115111,161,325.

, 5511515551511.426.

, 5551515151. 055151.

, 51511155 11. 214, 220.
51511115 1115115151115115 (aaron.)
91155515, 5515111, 581
9115155515515515111. 516.

9115111151 11555151 55151511 iq 5115115111
15412, 491.

911151115511 gentium 11. 714.

9111515 15155 15 1111 11. 202.

, 5511111 111. 606.

95551515 5551111515 51155511155 5115115155

9555515515111 1. corpora reg. VI 188.

, 55515515.1151115555515511511.191,

610. 1212111124.

9555511511 genesio 11. 319.

95555115551155, i. q. signum zodiaci 1. 361.
Vl. 204 1,, 5261.

9515151 Ι, 56.

9511515 1151551551555551. 511, 588.

95111 45115151511551111111 IV. 60211, 62951.

. 1. 560 ee.

,, ,15511551151565

5111155131111115111’1115131
11

95151, quid 11. 146.

55 Dominis, 1. Antonius.

951551 55511 (111151.) Ι. 298, 951, 621.
11. 210, 252.

,, ,, quomodo indagentur VI. 118.
Domuum 5115511 11. 210.

955115151, 515115115111555. VIII. 922.
9555515115 55 Praetorio I. 66.
,55 11555151. 10.

, , 1555555515 11. 629.
9515511111,15515101551111655111555115,515·
51551 (5511. 16821111. 8.

955151151555111111. 515.
91155151 1. 591 11.
91115,11.1.381,669,650.
91555515 15155151 (1. globi ignei) 11695.
91551 551551 VIII. 64.
915555111 155151 perpetuen 11. 185,
, 19155151) 15 1555111515 95551555 Pra-
= gam 1551151 V. 645.
9111515 bibliotheca 1. 291.

5555555115.

XXIX

«515511 eno-bum 51111155 11. 111. 111155.

915515151, Belga, 1, 9155551151,

95115151, 5155115111. 169.
,55111515 1551555511 V. 101.

Du{lea:iu3‚wgo.thei⁸II.n;·0ff⁰ m

95555551 1. 1115551151.

95115551 11. 48.

1155151151, 55511 wurtembergiae, 55151515 51
inquisitione capitali VIII. 561.

noema 155151 (theologus 5515551 tempora
145155551555111 conscripsit catalogum
cometarum VII. 2511.

’ nocentiumque 11. 111.

, aequantia, 5515111. 18.
, 511551555 111. 5811, 258. 11. 66, 411.
,5115115 1. 136.
„Mercurii 15151551 1. 1621. .
, mutabilia 1511511511 1141.,120,111.15.
, orbium planetarum 0555151511. 121.
, 15151151 15 Solem Ι. 121.
9555511151151115151151,180. V. 600. VI. 101,
8’12, 6781. [418, 468.
9555515151 515551515511 355. 11. 401, 414,
, 11515515155510555151515555551180.
111.51,186.11.454.
1155551155 5551511111. 4551.
Eooeutricua 15551, qnid 11. 422, 426.
9555551551551 motuum oaiouina 11. 416, 418,
420, 429, 42511, 4491, 459.
55115111 15555111115155155 151111 11515.
115515515111551515 opinionon 55 555511111551
111156. [806.
, 1515111111 15 gubernandis 5111115555 11.
RK! ,15,7555525555511 5111555111 i. 550.
5 551 . .
non-reus neeiis’i. 555, ooo.
9511515551,’55151151551115551515115 11551511
15155511. 622, 6291111919.

, thartam 11551511 55511515 11511155. ex·
sculpendum 55111 11. 6281.
115115151, 5515112915 111. 6115496,
, 5511555515511551111111515511 15228.
1151151155 555551151111518. VII. 616.

= ,, 515551115511111115115.

11. 5321.
, computandorum 515555515 1111551 1.
49411881.
,,.555111511 410 51 11, 128, 29151,
820, 54011. 11552011, 682. VI. 1121,
465, 49611, 5921. 111. 451115515.
, 55155151 quantitatem metiendi 15115
,, 5511115, initia etiiuee 1555111 11 281.
11547. 11. 500, 510, 51515145.
, 555515115 auno VI. 506.
,, 5515115551155 15115 11.108,129,158,
161, 64011. ΠΙ. 13611. 618.

 

[11. 11. ’

